1906 86083 89773 375471 570610 1548175 1807795 991018 478312 340311 190247 193863 149395
1907 150030 210704 415458 833506 1529429 2379769 2118458 784367 342077 232475 152609 90268
1908 79935 88226 219689 392158 729186 1171567 820406 530425 227372 221438 128469 49280
1909 121666 95346 499537 553551 1407189 2916462 1739035 766351 631509 250840 177402 79389
1910 61488 138884 703181 756531 1384892 988093 394148 269070 176999 204179 135292 93204
1911 143325 191108 386323 328283 780979 1310814 701330 325956 150888 236048 133567 100999
1912 105819 103436 226809 390870 1025969 2391165 1193226 554319 246131 225904 208603 99699
1913 142619 126770 258571 777887 1131237 1278694 1078458 419999 275148 223610 196567 105240
1914 125900 148637 396983 779818 1871957 2283431 1029139 438650 215547 247507 163030 97155
1915 94230 102103 190584 458490 713901 1053884 582547 302583 209420 252744 171933 117825
1916 109787 133014 562337 648078 1369339 1549822 849653 503401 213533 312026 156228 128653
1917 79845 117311 209331 720542 1653542 2928346 1969729 601085 281128 209807 185425 168755
1918 150406 137264 251496 397007 948923 1971963 907660 362416 199463 235814 181584 132422
1919 87839 101668 279243 494264 1013358 759471 312613 201898 144929 126840 126056 93772
1920 110181 142942 247715 396918 1744845 2215218 898675 446033 199870 165501 198935 118995
1921 126497 172029 472358 458124 1630426 2966533 906203 486047 269565 157604 147577 139291
1922 110238 139192 396496 372680 1725361 2439909 781559 423070 255597 135560 155854 134318
1923 137683 119549 228348 702070 1653165 1965758 1076722 527093 239150 242845 202003 129591
1924 92131 167488 206596 684791 1031444 959883 458903 239281 135755 111151 124742 75263
1925 92736 132314 278397 484469 959037 968655 805824 402946 296633 302743 193342 148539
1926 118248 129629 346537 633098 1178168 1000850 561488 331092 139807 126377 105114 105976
1927 104865 113883 222209 399512 1352510 1473284 1038353 400232 534036 311915 260878 147775
1928 175163 159922 398711 411247 1985021 1455675 704153 389435 187209 224268 172025 100320
1929 126712 112766 486961 734651 1613579 1874795 921274 487671 418571 265097 167753 132900
1930 81045 235311 248926 629985 774721 1252210 594268 673510 273896 249351 148667 116057
1931 95702 109898 218810 305949 521333 663794 361100 223893 104212 98898 91660 56061
1932 81327 93567 255992 500725 1478447 1427886 912826 407676 206049 123903 136370 79461
1933 92763 96542 194181 276184 712440 1621315 618534 264113 145871 91485 89541 102837
1934 101893 121886 135062 192387 405587 284461 232384 181143 86983 54854 57364 58487
1935 69730 85324 118436 184144 501429 1514034 629409 274651 143553 67721 83547 62277
1936 70052 94332 142314 469289 1486399 1296847 629696 470722 189312 124831 132050 83803
1937 64495 98191 283343 461717 1286510 1098477 779565 315637 213461 133558 126342 125114
1938 105244 129856 268415 489318 1197037 1583718 759730 354672 349088 252724 178372 159747
1939 132260 107094 396036 464002 969260 689701 396411 256512 168295 138977 101420 91517
1940 86371 100705 203251 268215 824801 721123 282745 185380 129780 166993 118414 99825
1941 104851 130472 220006 326366 1276564 1314734 609166 397327 210312 328987 244659 174284
1942 117556 127161 290963 873971 1046253 1467908 664478 331179 140282 123576 129548 121855
1943 117635 134661 242921 608765 828602 1227826 862902 471856 181351 133613 151222 116852
1944 90725 116662 258823 546182 1035185 1562833 839935 307396 122171 131679 123126 93889
1945 114099 133496 191942 305004 994896 1152140 965263 493841 199902 173674 153847 119597
1946 127952 123076 241173 573988 833241 949936 536926 302879 160307 156976 175519 160864
1947 96045 155820 419561 452222 1544995 1484336 933197 505531 227526 187247 184357 158467
1948 146422 141481 319905 580935 1193222 1124662 505180 283643 136583 105188 108255 103618
1949 107068 114863 283453 511634 1346244 1746187 831919 324381 154571 215092 195651 135316
1950 149333 152037 363749 646071 1101703 1781651 972959 433248 204699 171804 171604 177942
1951 120962 173137 210743 393053 978494 1511292 882244 534195 228104 216971 169314 140669
1952 145225 146280 168793 1022928 2276401 2033456 776548 463337 248537 133626 125359 132713
1953 147283 147761 224781 237449 488643 1402456 630374 361220 152167 97504 129605 112176
1954 114865 142631 177489 294710 758022 539683 583623 268572 180388 151517 124455 84646
1955 86123 92239 243600 329388 769248 861560 465529 302426 124535 90879 90991 135870
1956 163679 105269 321294 492783 1345861 1474281 526882 317006 148713 94901 101649 67912
1957 90901 105589 242798 305308 981963 2136762 1443865 532872 257822 196244 234909 155721
1958 133998 190389 254877 450336 1496947 1431015 446605 251758 147806 104415 104219 118445
1959 102309 122151 150950 229788 549028 998270 578874 311768 138310 188888 154451 109412
1960 99446 108233 326251 556636 644717 913373 392235 206091 126558 109514 109298 84110
1961 83720 97223 142776 204752 436683 793892 314041 220395 214143 255231 167389 131700
1962 120205 410420 407732 1156570 1481679 1344781 872928 354139 155812 146451 138442 92035
1963 75892 140706 154645 239843 666008 875549 425804 275304 246917 126625 114445 77230
1964 82363 92855 140636 307243 968941 1339495 821654 287200 102605 82610 95764 121495
1965 132249 154303 199000 532609 1241210 2316792 1381827 612250 298763 299726 193156 186177
1966 163353 142110 436842 485064 854378 626890 385470 209189 134543 122328 120905 78605
1967 86634 113327 276697 287831 725038 1798606 1146384 368133 161436 124243 118521 68345
1968 97478 123454 255824 310400 836835 1990723 714129 438886 188617 171343 139267 110302
1969 139431 129741 280549 846313 1558875 1103686 624159 328732 167999 149785 149026 114230
1970 145495 157986 189090 240589 1177861 1655431 742151 292528 164045 216400 164897 118086
1971 191468 207548 282834 670409 1276976 2060887 866540 342726 215786 203364 181321 129272
1972 180337 219751 423580 458061 996544 1876470 560253 335138 179572 231204 209954 123676
1973 116959 133073 330754 547135 1658644 1492536 836509 369226 275338 169948 191362 149865
1974 163062 166627 408284 520529 1575507 1596456 634528 292206 147016 132669 150175 97335
1975 159310 156842 253896 305423 1019190 1946721 1512013 391086 181174 148917 145232 148248
1976 137986 202755 284303 414326 1109166 1089879 508677 309716 157547 113705 105237 76341
1977 102580 106048 115109 194844 245695 332507 213053 183289 114120 103038 109983 109958
1978 112153 111382 274172 507121 1082763 1913898 917358 340380 180486 129719 143654 102795
1979 93670 62006 298994 562399 1333378 1350442 552815 336662 137853 126242 116841 95822
1980 142550 252662 287641 569865 1755304 1692107 696882 259713 219089 157025 171666 163742
1981 131945 134839 175276 284921 517831 926518 350253 158431 148294 208256 150906 133085
1982 111267 130606 262674 368251 1327702 1560759 1164291 509518 293739 425709 268439 220563
1983 96497 178293 419558 510477 1393538 2991240 1499680 705603 366526 420586 291960 232420
1984 99188 183298 409918 677013 2333368 2186180 1134621 669590 365569 382291 285041 170839
1985 184131 136555 471281 989615 1631363 1176776 609418 307644 206769 267650 206279 164393
1986 177550 354586 453534 903068 1572024 2634285 1082624 525773 292277 337233 253574 192902
1987 158422 202129 358098 645123 1083510 785867 460348 368365 232234 165062 164825 117838
1988 120460 136141 344301 476483 898143 956454 440130 268847 144077 145289 102746 82199
1989 97495 110777 322002 403736 562993 697653 450779 267329 162637 108006 150009 88743
1990 105777 108519 223068 367122 430219 943635 511134 272582 173766 145240 134275 47538
1991 105482 122308 208964 262499 734856 1319088 503209 385908 262664 131059 184867 72302
1992 116203 158982 279064 297298 645767 482002 385351 307559 191409 119842 123858 68741
1993 117621 108951 350364 408754 1418841 1488033 691575 437909 212667 193092 131685 110666
1994 142789 133585 290242 317552 745208 599214 331897 295916 164505 179811 124908 110384
1995 119624 176188 283376 255108 784919 2244858 1668571 523863 237721 203320 169490 140884
1996 151514 219754 283065 544255 1300982 1592996 805256 308679 165652 163240 205398 174263
1997 190456 170705 522278 552452 1863061 2312597 750782 493783 430762 371321 262154 196758
1998 208071 207111 397113 628071 1550363 1641124 1133070 552120 283576 233246 241402 145890
1999 169201 159286 301920 446522 1263139 1927223 884721 441056 293266 177922 163365 130336
2000 148856 192140 229380 452666 910678 782384 360294 207515 154207 169863 134392 118745
2001 104744 131127 293394 383051 1046264 658108 375730 234212 127561 102106 114395 90183
2002 104991 96781 176119 296829 359578 542462 321789 155195 152284 114162 127231 81192
2003 83241 107583 254538 318704 789552 1074272 470230 203464 140638 108452 101070 103932
2004 77753 96030 271034 372121 599913 620244 509576 207780 132421 213037 193603 127480
2005 204797 174000 285636 500027 1487675 1784080 778457 322479 183103 177082 165039 110459
2006 135597 122471 227547 608780 1275521 1028707 459520 211075 136564 271247 175788 95129
