1906 244314 292534 678174 1204640 3635101 5014167 2950460 1605086 1503159 739807 503006 353312
1907 356760 377349 789130 1465838 2702179 5967232 5103491 1920787 955414 608812 377467 268130
1908 276192 379543 664762 1041224 1595614 2922360 1924283 1117477 598088 483627 395707 312145
1909 378989 317458 763721 1120492 3349297 7203254 4109919 1880422 1526396 680646 489990 377548
1910 289322 493565 1403871 1730475 3298793 3101705 1373125 866631 630999 616468 445769 345922
1911 367374 482597 902111 951815 2924637 4124342 2353784 1016615 593647 1138004 442055 353041
1912 346041 327037 538143 902408 3684152 6151096 3206236 1362372 631542 636273 533066 305039
1913 354040 314036 523341 1829662 3270773 3144987 1984477 874871 701627 670352 538369 329845
1914 369539 401134 876055 1593815 4685651 6296012 3116693 1405438 783864 964927 527355 334330
1915 304134 397336 525839 1483872 2427137 3642472 2147795 853538 528868 557983 411050 343248
1916 393996 424367 1391402 1802735 3736188 4752149 2633061 1931864 809499 1402792 495715 369117
1917 260297 351858 506892 1545288 3763312 7772051 4940893 1618992 822052 510346 448052 402771
1918 356293 373570 655998 901047 2760606 5393082 2288860 968226 691873 569909 496385 410088
1919 287188 316951 653288 1414719 3231443 2597757 1537304 904499 531938 377401 404787 394092
1920 406940 601644 685472 983984 5917499 6993901 3165232 1376497 620527 534996 596367 404572
1921 414071 456635 943676 930238 4180109 8467231 2849389 1972571 953215 488368 417789 453491
1922 351437 438927 907265 1185878 4699578 5761054 2159890 1148518 657391 336581 400845 399832
1923 375212 340452 449461 1316359 3835398 5077612 3053686 1744686 1013539 747522 646295 423825
1924 312564 506890 508913 1665561 3264099 3780821 1672022 720755 389827 388361 392567 275417
1925 262125 403157 607575 1382195 2536635 2860902 2086524 1040652 1174711 1020530 608566 447131
1926 359577 353543 643799 1634988 3546066 4075706 1998872 966236 459006 461696 334893 379348
1927 337439 388832 605740 1269471 4135924 4064755 3135304 1321496 2116962 979882 739253 444154
1928 469629 463036 754898 1025978 4580808 4271762 2241461 1048281 558717 625418 570090 344257
1929 331823 346061 923749 1698113 4276260 5414639 2744488 2389753 1742400 964744 560310 437244
1930 298790 485407 575245 1792671 2168481 3724824 1693721 1891015 691053 587559 423714 288560
1931 263662 366638 429833 597640 1387684 2042728 1147598 671677 424426 536284 353321 252642
1932 272930 557282 673831 1676128 4286246 4193513 2684942 1364498 693905 367644 378380 272887
1933 273377 255953 501362 515700 1604249 4680018 1898288 818373 563832 440664 297779 333907
1934 308075 303394 349072 557262 1480351 1018245 721126 532811 284828 212899 181355 228772
1935 254933 274011 339574 685733 1585305 4708552 2255472 959192 594224 387726 319435 266192
1936 264047 318399 459898 1400149 4032422 3360120 1709054 1262461 705479 376632 443083 317127
1937 200331 414259 700570 1559558 3833664 2958383 1923465 838115 596566 505920 384592 390633
1938 325636 354576 794138 1659082 3599127 5324845 2503358 1027382 1050775 618499 479804 411097
1939 348487 300376 809304 1228539 2865279 2250281 1104801 629627 671962 358134 312958 284314
1940 261838 301174 439069 735512 2442459 2212811 984226 522322 525462 731809 410101 364873
1941 355941 430079 675567 1127132 5323093 4598652 2428433 1190375 683285 1813960 913231 576929
1942 404450 395910 660985 2902862 3500486 4834784 2074078 938573 412011 358326 373655 369016
1943 345094 344573 533607 1624861 2446508 3294191 2132619 1188466 613563 386115 442637 379167
1944 284953 344393 515043 1060878 3622415 4760167 2526378 857685 332678 378318 378988 307526
1945 330444 359434 430301 790464 3150282 3358331 2468347 1465735 494543 538329 434400 319918
1946 348056 313504 506085 1141099 1970811 2755500 1432801 852859 449366 430011 472765 422598
1947 265000 353367 656705 844051 3600478 3790869 2726585 1575216 778634 830410 577524 440646
1948 375948 432004 624879 1728270 4032836 3915190 1662639 887163 372680 361999 399745 345940
1949 326825 350930 692323 1377417 3474042 5116808 2809867 985996 420280 539732 475823 363538
1950 346883 394728 631678 1270496 2239296 3782182 2027117 817607 428841 423062 355831 422695
1951 307758 356588 416528 564533 2034805 3694508 2205007 1172271 532247 430044 451352 340253
1952 490658 385654 435309 2329319 5569121 6201051 2317967 1255129 694186 376061 376582 374385
1953 402474 365207 458845 554827 1285021 3910327 1662389 1032517 405366 318406 427066 342974
1954 317925 341586 388722 666898 1753441 1396009 1255884 664718 494512 570813 355936 289658
1955 254680 252729 590617 697977 1950795 2332135 1220313 920244 359573 225234 274490 335121
1956 379784 279980 513692 993694 2814517 3534913 1151798 703754 298120 193813 304643 258166
1957 295275 331116 508805 868604 2805792 6669099 4906010 2007877 1010603 756358 838468 502956
1958 392045 536727 688965 1599996 4597690 4562509 1308184 677219 438820 333453 358554 368349
1959 306407 313512 350118 463516 1380376 2826173 1448923 766845 316311 557316 517710 350962
1960 289809 314720 749816 1720737 1977890 3222979 1361812 582813 328283 361418 348931 264952
1961 244498 318919 368225 637529 1642974 2528584 956734 718990 856024 819598 547420 370764
1962 334494 774737 545028 2532520 4119768 3849168 2550866 912852 412135 555007 448064 342970
1963 201557 370712 575260 763590 1808387 1839152 933748 685572 735431 319363 342117 266011
1964 267885 262479 343862 649129 2354779 2984535 1729449 915192 366401 301361 325117 363397
1965 379725 369167 443493 1400634 3392487 5596742 3793601 1623391 877286 875445 570571 552485
1966 455182 395360 981129 1333026 2523296 1934274 1053979 589839 357643 335665 349297 371154
1967 289340 307306 576121 604735 1690771 3628249 2187199 951241 517396 351908 327692 238872
1968 313145 337745 517660 639473 2123875 5021980 1742269 1468908 424710 443620 385800 320747
1969 391523 352823 571807 1972984 3869865 3004303 2035789 892706 607745 675186 513856 383572
1970 382737 361005 447329 615374 3630445 4189472 2096715 917019 1131553 649771 515681 407035
1971 492528 493631 610939 1348676 2485956 4456478 2247437 955058 690356 661425 550317 479069
1972 503244 468726 823089 827861 1964180 3826860 1236754 709418 585772 1119913 670469 455394
1973 442469 462415 852581 1364516 4459046 4948909 2925435 1048535 694581 468110 517512 440366
1974 462022 405270 789041 943226 3365644 3379006 1591696 763938 389126 417466 509247 345153
1975 428239 376537 626462 875310 2723123 5051904 4055375 1074103 551744 411021 448760 424498
1976 398290 474438 550019 848771 2446752 2835958 1342352 778842 507722 445702 373209 281534
1977 323375 291707 276473 367463 631570 975157 683523 590807 380881 326662 341836 315863
1978 375621 307540 615243 1237984 2747845 5036130 2569275 825861 426775 351290 480893 403397
1979 388600 360071 748376 1819789 4015523 5256190 2695162 1082709 433006 370876 406702 360420
1980 476703 610714 643116 1434190 4365112 5379732 2271497 750614 624293 420105 480283 427207
1981 393898 321698 357053 633870 1210192 2348598 1141866 521365 540169 645603 463385 408602
1982 354920 322047 650980 980163 3007079 4262949 3000194 1551429 1081031 1000709 726036 614837
1983 392003 459791 889091 1113890 3523495 7585898 5108558 2153961 883350 974108 714894 659304
1984 407556 507224 860027 1462088 6127117 6586959 3872568 1987315 1117761 1063412 835401 646858
1985 576344 501563 1115185 2757097 4873618 4711886 2294195 1105613 743245 919008 745139 641451
1986 553202 750657 1130869 2201959 3881127 6044235 3406408 1327275 991990 1149524 1001810 730687
1987 528169 623025 947737 1912947 3699898 3194227 1530292 1018206 631856 493597 633343 432221
1988 358154 414038 725093 1082036 2051687 2756733 1442325 849322 570133 470778 375179 345199
1989 332567 371467 863095 1215833 1750009 1975312 1190512 793717 445165 375644 404076 297445
1990 282268 285627 409161 632535 1298529 2646256 1405410 712045 534728 585495 456247 304643
1991 305997 390740 492366 867629 2194282 3412286 1547301 950721 791643 357490 575284 359173
1992 333686 428942 610846 1137081 2254472 2121663 1331227 876357 618244 385955 463558 321231
1993 427691 412547 872382 1325458 4424540 5029360 2541697 1178122 758351 565910 473153 409876
1994 395722 360389 683049 840322 2294716 2454675 1022787 649736 510447 533075 460343 395307
1995 369565 456771 877741 743112 2267572 6349394 5277562 1700064 724925 653486 550145 464710
1996 432188 510798 550410 1109289 3370352 3617391 2007827 733205 524984 575780 634056 509778
1997 507783 451552 1109672 1499418 4560684 6169847 2414455 1505215 1216603 1040131 721859 558461
1998 523874 479865 772201 1337211 3609213 3595044 2557583 1266111 696455 696463 762861 502350
1999 471228 427588 683624 846009 2647407 4459957 2526986 1619066 1043020 574717 482853 431297
2000 418317 435638 526973 1176232 2576207 2253793 1051538 586642 514735 451433 463626 402837
2001 331815 330169 592106 945170 2836393 2286413 1129555 799461 453759 355356 383804 334206
2002 307908 265779 378221 595619 808690 1117035 726190 443156 487811 357599 430997 298521
2003 271522 269612 508309 676222 2082025 3000648 1270217 627943 681384 398543 411169 349094
2004 290943 311600 728186 1038557 1965659 1820829 1117831 504191 475368 623921 571149 391863
2005 577175 530211 681724 1549095 3898587 4440968 2122762 888938 505087 723704 568512 421637
2006 406367 317050 506727 1357488 3025325 2556609 1226116 777087 568324 1192301 623600 464328
