# MINDEN                  , NV,  38.9547  119.7758  4709, ANMAX
1949  0.30
1950  0.27
1951  0.25
1952  0.19
1953  0.23
1954  0.15
1955  0.26
1956  0.28
1957  0.48
1958  0.19
1959  0.15
1960  0.10
1961  0.42
1962  0.22
1963  0.26
1964  0.26
1965  0.77
1966  0.21
1967  0.40
1968  0.20
1969  0.27
1970  0.50
1971  0.30
1972  0.30
1973  0.40
1974  0.30
1975  0.30
1976  0.30
1977  0.30
1978  0.20
1979  0.20
1980  0.20
1981  0.20
1982  0.20
1983  0.20
1984  0.10
1985  0.30
1986  0.30
1987  0.30
1988  0.20
1989  0.20
1990  0.30
1991  0.20
1992  0.20
1993  0.30
1994  0.30
1995  0.30
1996  0.40
1997  0.30
1998  0.20
1999  0.20
2000  0.20