# MINDEN                   , NV  38.9547  119.7758  4709, ANMAX
1908  0.70
1909  2.10
1910  1.10
1913  1.03
1914  1.76
1915  1.07
1916  1.41
1917  0.71
1918  1.19
1919  0.80
1920  1.60
1921  1.49
1922  1.78
1923  1.01
1924  1.85
1925  1.10
1926  1.15
1927  0.89
1928  0.52
1929  0.47
1930  0.82
1931  0.91
1932  0.75
1933  1.22
1934  0.90
1935  0.76
1936  2.00
1937  1.75
1938  1.55
1940  0.89
1941  1.07
1942  1.15
1943  2.32
1944  0.97
1945  1.27
1946  0.65
1947  0.31
1948  0.80
1949  1.02
1950  2.55
1951  1.00
1952  1.83
1953  0.94
1954  0.79
1955  2.36
1956  0.71
1957  0.84
1958  0.86
1959  0.90
1960  0.74
1961  1.28
1962  1.71
1963  3.03
1964  1.90
1965  1.35
1966  0.90
1967  0.78
1968  1.08
1969  0.83
1970  0.97
1971  0.63
1972  0.52
1973  1.28
1974  0.96
1975  0.95
1976  0.69
1977  1.32
1978  0.75
1979  0.78
1980  1.00
1981  0.70
1982  1.07
1983  1.50
1984  0.50
1985  0.42
1986  1.20
1987  1.03
1988  0.62
1989  0.65
1990  0.37
1991  0.84
1992  0.75
1993  0.96
1994  0.94
1995  1.92
1996  1.01
1997  1.35
1998  1.30
1999  0.71
2000  0.61