# MINDEN                  , NV,  38.9547  119.7758  4709, ANMAX
1949  0.56
1950  1.36
1951  0.50
1952  0.60
1953  0.74
1954  0.53
1955  1.10
1956  0.48
1957  0.54
1958  0.70
1959  0.69
1960  0.30
1961  1.00
1962  1.03
1963  1.02
1964  0.98
1965  1.30
1966  0.78
1967  0.70
1968  0.70
1969  0.74
1970  0.70
1971  0.50
1972  0.40
1973  0.80
1974  0.60
1975  0.90
1976  0.60
1977  0.80
1978  0.40
1979  0.90
1980  0.70
1981  0.60
1982  0.70
1983  0.90
1984  0.30
1985  0.50
1986  0.80
1987  0.80
1988  0.80
1989  0.50
1990  0.30
1991  0.80
1992  0.50
1993  0.60
1994  0.50
1995  1.00
1996  0.70
1997  0.80
1998  0.90
1999  0.80
2000  0.40