    lat          lon      elev    precip
    39.450  -103.933  1670.914  -999.999
    37.401  -104.655  1950.720    67.808
    37.317  -104.950  2634.691   101.702
    40.155  -103.142  1383.792    66.821
    40.172  -103.232  1420.978    70.591
    37.467  -105.883  2296.973  -999.999
    37.441  -105.861  2296.058    74.677
    37.439  -105.861  2296.058    25.092
    40.188  -105.502  2503.932    65.126
    40.229  -105.518  2590.800    61.138
    39.501  -108.379  1730.654    37.320
    37.867  -107.883  2651.760    92.075
    38.883  -103.650  1598.066  -999.999
    38.967  -105.950  2753.868  -999.999
    38.993  -105.892  2718.816    51.245
    39.037  -102.168  1262.482    83.786
    38.853  -102.176  1225.296    69.576
    38.684  -102.161  1248.461    75.997
    37.017  -107.417  1884.883  -999.999
    37.024  -107.437  1890.674    32.258
    38.917  -103.083  1460.906  -999.999
    40.033  -105.267  1638.300  -999.999
    40.244  -108.972  1804.416    25.146
    39.183  -106.833  2418.893  -999.999
    39.188  -106.836  2488.083    48.097
    37.600  -108.883     0.000  -999.999
    39.633  -106.517  2283.562    51.054
    39.017  -104.600  2204.923  -999.999
    39.405  -105.477  2356.104    66.712
    39.367  -107.033  2018.995  -999.999
    38.319  -108.890  1517.904    18.891
    39.750  -104.417  1671.218    73.216
    39.800  -105.783  3448.202    66.294
    39.300  -102.433  1281.074  -999.999
    38.867  -104.317  1841.906  -999.999
    38.555  -107.687  2484.425    52.515
    37.479  -105.572  2349.703    41.974
    37.683  -103.950  1363.066  -999.999
    38.457  -107.333  2295.144    33.020
    38.467  -107.168  2316.480    26.280
    39.883  -106.683  2043.989  -999.999
    39.103  -107.899  3022.092    62.446
    39.657  -102.118  1132.942    70.295
    38.173  -104.308  1400.861    32.055
    38.371  -104.306  1459.992    36.745
    38.217  -104.233  1351.788    58.547
    40.034  -105.281  1650.492  -999.999
    39.992  -105.267  1671.523    46.849
    39.317  -103.367  1609.954  -999.999
    37.233  -103.800  1708.099  -999.999
    38.917  -103.283  1445.057  -999.999
    38.460  -102.436  1196.340    66.308
    37.017  -103.883  1918.106  -999.999
    39.486  -106.043  2919.984    56.606
    40.635  -104.327  1473.403    58.384
    39.944  -104.836  1528.877    39.314
    40.801  -108.917  1631.899    17.371
    40.784  -108.854  1694.688     5.436
    40.863  -109.022  1712.976    11.557
    40.616  -105.297  2255.520    57.503
    38.825  -106.128  2421.941    39.806
    39.300  -102.279  1292.352    75.225
    39.483  -102.167  1289.914  -999.999
    39.250  -102.150  1292.962  -999.999
    38.033  -104.467  1478.890  -999.999
    39.740  -104.128  1554.480    59.409
    39.655  -105.709  3054.096    67.945
    37.016  -102.555  1255.166    64.610
    37.067  -102.233  1335.938  -999.999
    38.460  -105.226  1635.557    50.439
    40.000  -105.517  2549.957  -999.999
    37.667  -107.800  2699.004  -999.999
    39.411  -104.906  1885.188    60.659
    38.900  -107.933  1903.171    27.823
    38.903  -107.892  2081.784    29.464
    37.707  -106.144  2338.730    28.937
    37.164  -105.371  2509.418    84.075
    39.220  -105.278  2097.024    57.667
    38.115  -103.510  1264.006    57.858
    39.626  -104.832  1721.206    68.547
    38.818  -102.361  1295.400    74.830
    37.200  -107.300  1997.964  -999.999
    38.433  -102.533  1189.939  -999.999
    38.444  -107.559  2101.901    33.347
    40.415  -102.627  1234.440    47.498
    39.367  -106.190  3442.411    60.416
    39.896  -105.385  2727.960    67.115
    38.383  -105.783  1991.868  -999.999
    38.350  -105.783  2104.949  -999.999
    38.446  -106.761  2438.400    37.311
    39.243  -107.963  1822.704    30.163
    39.237  -107.980  1859.280    29.147
    39.250  -107.933  1969.922  -999.999
    39.101  -108.734  1761.744    22.534
    38.810  -104.688  1883.969    72.490
    38.826  -104.785  1845.259  -999.999
    38.929  -104.866  2021.738  -999.999
    38.960  -104.781  2064.715  -999.999
    38.929  -104.753  2047.646  -999.999
    40.850  -106.967  2653.894  -999.999
    39.288  -105.827  2901.086    55.922
    39.160  -105.794  2895.600  -999.999
    37.133  -106.033  2410.054  -999.999
    39.525  -105.363  2895.600    88.773
    37.344  -108.593  1875.434    31.389
    40.533  -107.550  1914.144  -999.999
    40.451  -107.589  1962.912    31.195
    37.853  -106.925  2698.090    46.102
    37.850  -106.917  2698.090    53.239
    37.850  -106.933  2750.820    44.704
    37.826  -106.932  2628.595    60.198
    38.874  -106.976  2697.785    51.408
    37.981  -105.690  2439.619    62.426
    38.750  -105.180  2910.840    64.770
    38.796  -105.200  2814.828   130.937
    38.913  -105.285  2553.919    79.061
    40.860  -102.803  1130.503    72.602
    37.383  -103.883  1563.929    77.597
    37.750  -104.600  1781.556  -999.999
    37.017  -106.450  3055.925  -999.999
    39.333  -108.217  1509.979  -999.999
    39.642  -104.077  1554.480    84.117
    37.633  -104.017  1552.042  -999.999
    37.674  -106.325  2396.947    39.407
    38.753  -108.078  1502.664    19.643
    38.754  -108.028  1527.048    14.944
    39.833  -104.658  1650.187    61.293
    39.726  -104.985  1599.895    63.246
    39.763  -104.869  1611.173    53.939
    39.729  -105.008  1593.494    42.215
    39.750  -104.983  1623.060  -999.999
    39.626  -106.035  2763.012    49.878
    40.244  -108.972  1804.416    25.146
    37.383  -103.883  1565.148    42.672
    37.475  -108.497  2118.360    36.536
    37.767  -108.912  2085.746    27.381
    37.283  -107.883  2011.680    58.536
    37.291  -107.856  2058.619    45.900
    38.478  -102.781  1284.732    61.863
    39.650  -106.917  1980.286    40.042
    39.109  -104.600  2197.608    78.477
    39.083  -104.550  2217.115  -999.999
    39.033  -104.667  2318.004  -999.999
    40.109  -102.487  1192.682  -999.999
    40.337  -102.527  1186.586    57.446
    40.336  -102.526  1192.378    51.816
    39.750  -105.083  1662.074  -999.999
    39.217  -104.550  2055.876  -999.999
    39.250  -104.583  2086.051  -999.999
    39.200  -104.500  2058.924  -999.999
    39.167  -104.567  2201.875  -999.999
    39.167  -104.600  2114.093  -999.999
    39.117  -104.617  2207.971  -999.999
    37.550  -107.800  2562.149  -999.999
    39.381  -104.629  2028.139    87.800
    39.483  -105.367  2570.988  -999.999
    40.050  -105.050  1527.962  -999.999
    40.377  -105.486  2279.904    54.263
    40.369  -105.511  2372.868    73.745
    39.638  -105.315  2129.028    57.504
    39.617  -105.350  2226.869  -999.999
    37.033  -102.067  1092.098  -999.999
    39.233  -106.000  3050.134  -999.999
    39.222  -105.994  3046.476    70.147
    39.217  -106.000  3034.894  -999.999
    40.783  -107.650  2135.124  -999.999
    39.281  -103.061  1499.616    75.526
    39.521  -103.133  1485.900    47.583
    40.369  -105.235  1677.619    49.174
    40.684  -102.840  1292.352    76.708
    40.648  -102.859  1297.229    59.792
    38.383  -105.133  1583.131  -999.999
    38.913  -105.285  2553.919    79.061
    38.550  -103.683  1457.858  -999.999
    38.680  -104.764  1780.642    84.371
    40.615  -105.131  1525.219    41.811
    40.576  -105.024  1499.616    30.305
    37.234  -108.050  2316.480    53.651
    40.067  -104.783  1531.010  -999.999
    40.260  -103.816  1328.623    56.410
    38.678  -104.701  1694.688    91.426
    38.783  -104.617  1818.132  -999.999
    38.124  -104.008  1319.784    42.345
    39.950  -105.833  2610.002  -999.999
    39.943  -105.817  2609.088    43.225
    38.000  -105.333  2500.884  -999.999
    39.165  -108.733  1377.696    19.939
    37.767  -105.183  2122.932  -999.999
    38.682  -108.972  1386.840    30.314
    39.278  -103.496  1709.318    77.470
    39.716  -105.697  2596.896    58.620
    38.954  -109.053  1946.148    17.050
    39.000  -108.750  2135.124  -999.999
    40.390  -105.450  2240.280    52.070
    40.800  -105.883  2521.915  -999.999
    39.783  -106.017  2649.931  -999.999
    39.518  -107.317  1792.224    24.539
    39.720  -105.246  2292.096    57.404
    39.780  -105.320  2316.480    31.750
    40.150  -106.467  2318.004  -999.999
    40.509  -106.006  2743.200    44.260
    37.450  -102.883  1509.979  -999.999
    38.061  -102.311  1061.923  -999.999
    39.134  -108.540  1480.718    16.846
    39.042  -108.466  1450.848    19.903
    40.267  -105.832  2657.856    50.737
    40.185  -105.867  2526.182    43.117
    39.450  -108.050  1552.042    27.432
    39.461  -105.679  2644.140    65.333
    40.783  -107.833  2094.890  -999.999
    37.733  -105.512  2494.178    47.353
    40.417  -104.683  1417.930  -999.999
    40.402  -104.699  1437.132    42.337
    39.183  -104.850  2097.938    64.389
    39.104  -104.729  2279.904  -999.999
    39.217  -104.738  2103.120  -999.999
    39.879  -106.333  2359.152    38.174
    40.617  -108.667  2073.859  -999.999
    39.936  -105.350  2429.256    54.542
    40.867  -104.417  1548.994  -999.999
    38.687  -105.393  2717.292    80.264
    38.750  -105.533  2623.109  -999.999
    38.817  -105.533  2745.029  -999.999
    38.675  -105.392  2619.756    69.239
    38.526  -106.967  2331.110    35.012
    40.372  -107.612  1898.904    40.249
    40.358  -107.608  1950.720  -999.999
    37.483  -102.683  1360.018  -999.999
    39.033  -105.800  2705.100  -999.999
    38.449  -103.162  1379.220    60.416
    39.933  -105.283  1805.940  -999.999
    40.493  -107.255  1962.912    36.594
    37.772  -107.110  2757.830    54.783
    40.983  -108.617  2165.909  -999.999
    37.750  -103.467  1296.010  -999.999
    40.968  -106.000  2365.248    33.621
    38.049  -102.124  1033.272    69.886
    40.545  -102.341  1152.144    73.218
    40.050  -106.133  2318.004  -999.999
    40.583  -105.632  2901.696    36.520
    39.987  -104.085  1459.992  -999.999
    39.144  -103.490  1531.620    74.803
    39.750  -105.517  2306.117  -999.999
    39.699  -102.293  1208.532    68.251
    37.136  -107.626  1969.008    28.109
    37.086  -107.533  2018.081    28.512
    39.083  -106.617  3218.078  -999.999
    39.574  -105.220  2145.792    59.710
    37.000  -105.633  2308.860  -999.999
    39.632  -102.649  1295.705    81.103
    38.063  -102.930  1162.507    60.716
    39.767  -105.850  3147.974  -999.999
    40.987  -102.271  1057.351    61.457
    38.741  -103.543  1546.860    61.895
    39.490  -105.095  1702.918    37.592
    40.850  -103.900  1600.200    67.129
    39.591  -105.872  3063.240    36.576
    37.454  -103.322  1581.912    72.178
    37.200  -103.483  1770.888    96.647
    37.115  -103.299  1615.440    75.629
    39.283  -104.433  1937.004  -999.999
    39.300  -104.517  1997.964  -999.999
    39.617  -102.583  1220.114  -999.999
    38.766  -102.803  1316.736    66.314
    38.887  -102.722  1405.128    77.563
    37.117  -108.183  2018.995  -999.999
    40.057  -106.368  2273.808    34.779
    38.917  -103.867  1723.034  -999.999
    38.833  -103.833  1634.947    65.380
    38.049  -103.512  1278.331    42.704
    37.986  -103.541  1277.722    44.704
    37.751  -103.478  1283.208    61.021
    38.025  -107.315  2642.616    53.387
    38.908  -105.471  2606.040    57.078
    38.817  -104.983  3127.858  -999.999
    39.749  -105.121  1719.072    45.391
    38.094  -102.631  1105.510    57.577
    39.279  -104.920  2087.880    72.602
    38.064  -103.215  1185.672    54.302
    39.750  -103.600  1460.906  -999.999
    37.500  -105.000  2143.963  -999.999
    37.467  -105.167  2817.876  -999.999
    39.217  -106.300  3030.017  -999.999
    39.224  -106.316  3029.103    46.408
    37.377  -107.656  2464.308    77.294
    40.490  -103.082  1386.840    80.409
    38.117  -104.583  1495.044  -999.999
    39.150  -103.767  1695.907  -999.999
    39.267  -103.683  1637.081  -999.999
    39.189  -103.716  1695.298    59.079
    39.004  -103.739  1677.619    48.441
    39.756  -103.499  1478.585    75.425
    38.933  -108.850  2043.989  -999.999
    39.050  -108.850  1946.148  -999.999
    40.000  -108.200  1871.472    44.796
    39.617  -105.017  1618.488    51.508
    40.159  -105.074  1508.760    29.525
    40.247  -105.146  1569.720  -999.999
    40.435  -105.085  1548.384    39.082
    37.174  -105.939  2343.912    28.530
    37.335  -108.316  2113.483    41.679
    38.856  -104.933  2020.824    35.052
    38.400  -106.250  3308.909  -999.999
    39.621  -105.066  1709.928    40.936
    40.021  -107.556  2194.560    54.356
    40.024  -107.434  2377.440    57.444
    40.284  -108.602  1886.712    24.082
    39.129  -103.846  1776.984    87.931
    40.516  -108.095  1800.758    23.686
    40.036  -107.906  1898.904    26.975
    40.033  -107.917  1934.566    42.349
    40.133  -107.983  1961.083  -999.999
    39.362  -106.742  2385.060    40.170
    39.367  -106.683  2592.934  -999.999
    39.050  -108.083  2988.869  -999.999
    37.199  -108.488  2168.652    39.506
    38.617  -104.667  1631.899  -999.999
    39.833  -102.467  1250.899  -999.999
    37.067  -102.233  1335.938  -999.999
    37.581  -106.187  2344.522    31.408
    37.483  -106.150  2339.340    53.086
    38.483  -107.883  1763.573    42.164
    38.486  -107.879  1763.268    25.264
    39.083  -104.917  2239.061  -999.999
    39.081  -104.866  2113.788    80.836
    39.103  -104.868  2157.984    70.951
    38.049  -104.996  2019.910  -999.999
    39.656  -105.600  3240.024    78.706
    39.653  -105.203  1780.032  -999.999
    37.583  -105.183  2703.576  -999.999
    39.983  -105.500  2511.552    63.119
    40.036  -105.546  3051.048  -999.999
    38.183  -104.167  1342.034  -999.999
    40.609  -103.846  1457.858    65.512
    40.932  -103.868  1578.864    56.352
    37.814  -109.011  2036.064    34.152
    39.899  -105.013  1648.054    46.571
    37.217  -105.050  2684.069  -999.999
    38.132  -108.286  2139.696    52.669
    40.706  -104.783  1583.741    51.801
    40.241  -107.097  2499.360    41.529
    39.550  -107.933  2500.884  -999.999
    38.617  -107.983  1634.947  -999.999
    38.550  -108.000  1705.661    27.940
    38.222  -103.722  1315.212    48.175
    38.530  -103.706  1452.982    56.760
    40.267  -102.833  1274.064    56.947
    38.021  -107.669  2389.632    50.780
    38.026  -107.673  2359.152    45.974
    40.967  -102.383  1076.858  -999.999
    37.243  -107.017  2209.800    48.712
    37.266  -107.053  2317.090    41.874
    39.114  -108.351  1466.088    18.194
    37.433  -107.150  2467.051  -999.999
    39.120  -104.917  2212.848    77.386
    40.617  -102.467  1189.939  -999.999
    38.852  -107.624  1700.784    27.332
    38.867  -107.583  1807.464  -999.999
    39.450  -108.050  1551.432    38.572
    38.367  -108.950  1609.954  -999.999
    38.383  -108.983  1685.544    44.117
    38.390  -108.949  1658.112    47.583
    39.514  -104.750  1799.539    71.527
    39.529  -104.657  1923.288    63.289
    39.917  -106.117  2521.915  -999.999
    40.967  -106.567  2592.934  -999.999
    38.450  -105.067  1649.882  -999.999
    39.267  -104.967  1929.079    73.660
    39.004  -103.739  1677.619    48.441
    38.600  -106.533  2803.855    58.293
    37.994  -108.021  2301.240    56.506
    37.350  -106.533  2997.403    83.228
    37.588  -108.784  2090.928  -999.999
    38.267  -107.100  2467.051  -999.999
    37.317  -102.717  1338.986  -999.999
    37.233  -103.083  1578.864   112.014
    38.233  -104.633  1464.869  -999.999
    38.290  -104.498  1438.656    47.546
    38.283  -104.650  1430.122  -999.999
    38.267  -104.600  1434.084  -999.999
    38.283  -104.617  1463.954  -999.999
    38.317  -104.350  1427.074  -999.999
    38.260  -104.717  1479.804    50.443
    38.183  -104.650  1498.092    41.199
    40.241  -107.086  2441.143    49.752
    40.367  -106.717  2848.966  -999.999
    39.830  -105.235  1798.320    42.899
    40.449  -106.184  2630.424    43.773
    40.089  -108.772  1612.392    20.858
    40.867  -105.017  1741.932    67.056
    39.517  -106.367  2625.852  -999.999
    40.798  -105.586  2529.840    31.750
    40.783  -105.550  2488.692    54.305
    40.733  -105.517  2318.004  -999.999
    39.183  -107.233  2196.084  -999.999
    39.200  -107.300  2458.212    58.565
    37.717  -105.317  2407.920    44.232
    37.713  -108.039  2682.240    74.156
    38.151  -107.757  2194.560    51.938
    39.545  -107.785  1656.588    32.830
    37.726  -107.268  2881.884    56.107
    38.039  -103.693  1271.016    49.358
    40.150  -104.383  1445.971  -999.999
    39.429  -105.070  1864.462    52.070
    38.861  -104.094  1845.259    65.523
    40.702  -105.711  2346.960    33.190
    38.842  -104.974  2758.440    89.961
    37.900  -104.933  2087.880    76.327
    37.914  -104.948  2176.577    86.707
    38.086  -106.144  2347.265    33.548
    38.700  -106.367  3052.877  -999.999
    38.533  -106.016  2182.368    33.992
    38.533  -106.050  2282.343     1.016
    37.195  -105.424  2421.026  -999.999
    37.195  -105.424  2421.026    39.603
    37.650  -105.800  2296.973  -999.999
    37.822  -107.110  2952.598   111.760
    38.483  -107.183  2354.885  -999.999
    38.404  -106.424  2578.608    42.032
    38.400  -106.500  2479.853  -999.999
    39.404  -104.952  1821.180    48.859
    40.938  -102.525  1092.403    60.478
    40.859  -102.517  1216.152    63.772
    39.295  -102.869  1444.752    51.732
    39.550  -103.350  1578.864    91.101
    39.572  -103.292  1524.000    78.786
    37.715  -105.235  2363.419    57.954
    38.468  -102.295  1241.146    37.955
    39.572  -107.226  1807.464    32.170
    40.033  -105.576  3157.728  -999.999
    37.809  -107.663  2814.828    63.119
    39.140  -104.088  1828.495  -999.999
    40.583  -105.600  2773.375    38.799
    39.400  -105.183  1888.846    47.481
    40.472  -106.448  2555.748    45.963
    37.400  -102.617  1344.473   136.144
    37.369  -102.743  1408.786    65.242
    37.283  -102.617  1373.124  -999.999
    37.317  -102.717  1338.986  -999.999
    39.683  -105.500  3507.943    72.136
    37.217  -107.267  2030.882  -999.999
    40.488  -106.823  2093.976    43.328
    40.629  -103.208  1198.778    66.802
    37.293  -102.186  1158.850    76.187
    39.305  -102.600  1340.815    86.542
    39.434  -105.121  1780.032    48.337
    39.249  -106.371  2968.142    50.439
    37.433  -106.600  3461.918  -999.999
    40.500  -108.267  1787.042  -999.999
    40.000  -105.850  2541.118  -999.999
    37.517  -107.783  2225.040    74.073
    38.342  -104.057  1488.034    44.751
    38.818  -106.609  2805.989    49.189
    37.949  -107.873  2643.226    63.809
    39.333  -106.333  3126.029  -999.999
    37.071  -105.057  2520.696  -999.999
    39.617  -103.183  1388.059  -999.999
    37.667  -103.917  1472.184    41.070
    37.179  -104.487  1837.944    64.834
    37.183  -104.517  1844.040    59.436
    37.262  -104.338  1749.857    52.315
    37.150  -104.557  1923.288    77.016
    37.833  -107.883  2956.255   108.627
    37.133  -103.300  1709.318    52.927
    39.083  -106.300  2797.150  -999.999
    39.094  -106.351  2805.684    41.014
    37.567  -102.400  1260.043  -999.999
    37.650  -102.533  1296.010  -999.999
    38.376  -108.742  1527.048    29.600
    37.267  -103.033  1524.914  -999.999
    39.639  -106.354  2519.782    49.265
    37.384  -107.582  2331.720    67.974
    39.949  -102.246  1188.720    61.214
    39.918  -102.382  1188.720    74.771
    38.717  -105.150  2958.999  -999.999
    40.966  -105.219  2138.172    63.035
    39.300  -102.733  1373.124    71.797
    37.800  -106.833  2592.934  -999.999
    40.744  -106.279  2455.469    36.349
    37.630  -104.796  1920.240    52.805
    37.382  -102.299  1212.494    87.530
    40.426  -105.210  1594.104    44.017
    37.430  -106.032  2317.395    27.496
    40.333  -103.933  1325.880  -999.999
    40.726  -105.110  1603.248    86.615
    38.131  -105.466  2395.728    67.357
    39.133  -105.117  2378.964  -999.999
    39.100  -107.517  2531.974  -999.999
    38.217  -105.100  2007.108  -999.999
    38.133  -105.200  2377.440  -999.999
    38.133  -105.083  2244.852  -999.999
    39.764  -105.073  1666.037    43.707
    37.867  -104.114  1441.704  -999.999
    40.150  -104.183  1437.132  -999.999
    38.917  -107.517  1798.625  -999.999
    38.903  -103.019  1438.656    60.897
    38.659  -102.997  1336.548    53.425
    40.037  -106.204  2321.966    46.320
    40.467  -104.900  1457.249    45.099
    39.868  -105.764  2776.118    55.654
    37.474  -106.791  3243.072   100.741
    37.483  -106.867  2876.093  -999.999
    39.101  -105.094  2365.248    58.420
    40.075  -103.568  1333.195    74.625
    37.018  -104.489  2310.384    73.031
    40.061  -102.220  1121.664    80.721
    40.336  -102.259  1150.925    59.055
    40.156  -106.909  2404.872    45.231
    37.521  -108.756  2090.928    37.515
    37.559  -108.664  2157.984    41.571
    40.124  -102.721  1261.872    70.264
    40.209  -102.812  1252.728    83.940
    37.320  -105.070  3048.000    82.096
    40.350  -106.370  3340.608    52.324
    39.900  -105.750  2950.464    48.354
    40.300  -105.630  2895.600    53.340
    40.070  -107.020  2767.584    47.413
    37.700  -107.500  3535.680    72.441
    39.580  -106.500  2590.800    38.735
    39.800  -105.770  3444.240    61.504
    39.750  -107.350  3316.224    47.221
    39.080  -106.530  3230.880    55.504
    39.300  -106.120  3398.520    67.628
    40.220  -106.580  2816.352    33.020
    39.870  -107.580  2865.120    40.640
    38.880  -106.950  3096.768    49.921
    37.650  -107.800  2706.624    71.026
    37.650  -107.800  2718.816    62.006
    39.870  -108.600  2590.800    43.180
    38.150  -106.580  3054.096    69.427
    40.380  -106.600  2791.968    43.543
    38.420  -108.370  2865.120    40.398
    37.430  -108.020  3287.268    93.394
    40.200  -105.570  2621.280    59.983
    39.480  -106.170  3215.640    51.616
    40.170  -107.050  2773.680    41.487
    37.200  -105.180  3200.400    63.591
    37.020  -106.450  3060.192    55.392
    40.800  -105.770  3115.056    44.722
    40.530  -106.770  2560.320    36.124
    39.650  -105.580  3230.880    89.464
    37.780  -108.020  3048.000    48.986
    40.830  -106.970  2651.760    40.912
    39.370  -106.180  3474.720    53.904
    38.870  -105.070  3493.008    98.213
    37.470  -106.530  3541.776    98.213
    39.630  -105.870  3383.280    66.793
    39.250  -106.500  3398.520    60.537
    39.350  -106.070  3474.720    62.747
    37.930  -107.670  2987.040    57.856
    39.070  -106.600  3230.880    58.232
    39.280  -106.530  3169.920    49.371
    39.570  -105.800  3340.608    72.813
    40.520  -105.880  3084.576    58.692
    39.750  -105.900  3169.920    59.690
    39.320  -106.600  2926.080    45.818
    39.930  -105.580  2956.560    57.422
    40.400  -105.820  3261.360    52.342
    37.370  -106.530  3352.800    59.925
    37.780  -107.920  3108.960    76.670
    37.880  -108.180  2926.080    69.521
    40.800  -106.730  2840.736    29.069
    39.670  -105.900  3474.720    57.912
    40.080  -106.670  2706.624    49.237
    37.420  -108.170  3048.000    81.280
    39.130  -107.280  2895.600    47.507
    39.600  -106.530  2889.504    43.180
    37.850  -105.430  2941.015    62.653
    39.050  -108.050  3048.000    36.528
    39.430  -105.920  3230.880    63.500
    37.620  -107.030  3429.000    72.531
    39.780  -106.020  2724.912    47.837
    37.830  -107.720  3060.192    59.871
    37.730  -107.680  3200.400    56.364
    39.280  -106.600  2651.760    45.143
    39.600  -107.950  2682.240    38.100
    40.400  -105.950  3133.344    59.944
    40.030  -105.530  3444.240    74.413
    39.070  -107.150  2804.160    55.649
    39.080  -107.630  2999.232    80.151
    38.820  -106.580  2926.080    48.636
    39.030  -107.870  3035.808    49.984
    40.380  -105.830  2752.344    52.681
    38.480  -106.330  3279.648    50.256
    40.370  -106.730  2865.120    32.899
    40.700  -106.000  2749.296    44.196
    37.880  -107.700  3413.760    69.427
    40.120  -107.280  3151.632    38.221
    40.870  -106.050  2956.560    44.685
    39.030  -106.080  3157.728    71.120
    39.020  -107.050  3261.360    60.498
    37.630  -108.020  2773.680    53.098
    37.500  -108.120  3267.456   138.853
    37.980  -107.200  3486.912    60.584
    37.970  -105.530  3291.840   104.616
    37.680  -107.770  3249.168    57.331
    40.220  -105.920  2657.856    34.521
    37.470  -107.620  3413.760    83.336
    39.720  -106.150  2865.120    47.806
    40.530  -106.670  3200.400    46.990
    39.980  -107.230  2956.560    42.603
    37.350  -105.220  3310.128    42.192
    40.030  -105.570  3139.440    70.757
    37.720  -107.250  2865.120    42.333
    37.480  -106.830  3108.960    67.854
    37.600  -105.370  3246.120   100.511
    39.620  -106.370  3139.440    49.439
    37.480  -107.500  3316.224    65.435
    39.620  -108.220  2377.440    43.906
    37.200  -105.120  3115.056    93.698
    40.200  -105.600  2913.888    73.660
    40.330  -106.100  2907.792    44.904
    40.420  -105.730  3261.360    61.430
    37.470  -106.800  3352.800    61.081
    40.780  -106.580  2846.832    39.116
    36.950  -106.650  2560.320    47.716
    36.980  -105.250  3230.880    75.474
    38.470  -109.270  2913.888    56.075
    41.050  -107.250  2267.712    24.361
    41.230  -106.220  2918.155    36.195
    41.220  -105.370  2538.984    83.185
    41.070  -106.930  2717.292    28.787
    41.150  -106.970  3048.000    44.501
    41.120  -107.170  2484.120    31.288
    41.150  -106.920  2819.400    40.234
    41.000  -106.900  2727.960    37.737
