# Independence, CA: 38.6919  119.7803
# Annual Maximum Series 1 Hour Duration, Inches
1949 0.17
1950 0.46
1951 0.21
1952 0.28
1953 0.17
1954 0.29
1955 0.43
1956 0.27
1957 0.41
1958 0.13
1959 0.19
1960 0.24
1961 0.11
1962 0.24
1963 0.72
1964 0.22
1965 0.17
1966 0.28
1967 0.25
1968 0.12
1969 0.45
1970 0.25
1971 0.12
1972 0.18
1973 0.29
1974 0.21
1975 0.22
1976 0.20
1977 0.40
1978 0.30
1979 0.20
1980 0.10
1981 0.50
1982 0.30
1983 0.40
1984 0.20
1985 0.30
1986 0.30
1987 0.10
1988 0.30
1989 0.10
1990 0.10
1991 0.30
1992 0.30
1993 0.20
1994 0.10
1995 0.40
1996 0.30
1997 0.40
1998 0.30
1999 0.30
2000 0.20