    40.875  -108.875  2512.000
    40.750  -108.875  1696.000
    40.625  -108.875  2331.000
    40.500  -108.875  2047.000
    40.375  -108.875  2241.000
    40.250  -108.875  1907.000
    40.125  -108.875  1644.000
    40.000  -108.875  1758.000
    39.875  -108.875  1965.000
    39.750  -108.875  2184.000
    39.625  -108.875  2544.000
    39.500  -108.875  2054.000
    39.375  -108.875  1548.000
    39.250  -108.875  1403.000
    39.125  -108.875  1751.000
    39.000  -108.875  2013.000
    38.875  -108.875  2594.000
    38.750  -108.875  2325.000
    38.625  -108.875  1934.000
    38.500  -108.875  1716.000
    38.375  -108.875  1882.000
    38.250  -108.875  2031.000
    38.125  -108.875  1698.000
    38.000  -108.875  1875.000
    37.875  -108.875  2303.000
    37.750  -108.875  2110.000
    37.625  -108.875  1985.000
    37.500  -108.875  1961.000
    37.375  -108.875  1857.000
    37.250  -108.875  2041.000
    37.125  -108.875  1623.000
    40.875  -108.750  2161.000
    40.750  -108.750  1819.000
    40.625  -108.750  1892.000
    40.500  -108.750  2114.000
    40.375  -108.750  2287.000
    40.250  -108.750  1828.000
    40.125  -108.750  1769.000
    40.000  -108.750  1808.000
    39.875  -108.750  1862.000
    39.750  -108.750  2202.000
    39.625  -108.750  2495.000
    39.500  -108.750  1873.000
    39.375  -108.750  1791.000
    39.250  -108.750  1429.000
    39.125  -108.750  1529.000
    39.000  -108.750  2069.000
    38.875  -108.750  2645.000
    38.750  -108.750  2225.000
    38.625  -108.750  2376.000
    38.500  -108.750  1856.000
    38.375  -108.750  1625.000
    38.250  -108.750  1701.000
    38.125  -108.750  2009.000
    38.000  -108.750  1764.000
    37.875  -108.750  2439.000
    37.750  -108.750  2289.000
    37.625  -108.750  2090.000
    37.500  -108.750  2095.000
    37.375  -108.750  2033.000
    37.250  -108.750  2086.000
    37.125  -108.750  1620.000
    40.875  -108.625  2005.000
    40.750  -108.625  2152.000
    40.625  -108.625  1944.000
    40.500  -108.625  2179.000
    40.375  -108.625  2110.000
    40.250  -108.625  1878.000
    40.125  -108.625  1762.000
    40.000  -108.625  2248.000
    39.875  -108.625  2337.000
    39.750  -108.625  2126.000
    39.625  -108.625  2543.000
    39.500  -108.625  2435.000
    39.375  -108.625  1983.000
    39.250  -108.625  1509.000
    39.125  -108.625  1388.000
    39.000  -108.625  1819.000
    38.875  -108.625  2429.000
    38.750  -108.625  2481.000
    38.625  -108.625  2665.000
    38.500  -108.625  2601.000
    38.375  -108.625  1786.000
    38.250  -108.625  1724.000
    38.125  -108.625  1949.000
    38.000  -108.625  2155.000
    37.875  -108.625  2083.000
    37.750  -108.625  2562.000
    37.625  -108.625  2302.000
    37.500  -108.625  2073.000
    37.375  -108.625  1898.000
    37.250  -108.625  2037.000
    37.125  -108.625  1982.000
    40.875  -108.500  2067.000
    40.750  -108.500  1900.000
    40.625  -108.500  1944.000
    40.500  -108.500  2099.000
    40.375  -108.500  1964.000
    40.250  -108.500  1735.000
    40.125  -108.500  2098.000
    40.000  -108.500  2075.000
    39.875  -108.500  2157.000
    39.750  -108.500  2481.000
    39.625  -108.500  2466.000
    39.500  -108.500  2090.000
    39.375  -108.500  2161.000
    39.250  -108.500  2059.000
    39.125  -108.500  1506.000
    39.000  -108.500  1476.000
    38.875  -108.500  1931.000
    38.750  -108.500  2323.000
    38.625  -108.500  2543.000
    38.500  -108.500  2680.000
    38.375  -108.500  2120.000
    38.250  -108.500  1761.000
    38.125  -108.500  1970.000
    38.000  -108.500  2116.000
    37.875  -108.500  2139.000
    37.750  -108.500  2487.000
    37.625  -108.500  2351.000
    37.500  -108.500  2249.000
    37.375  -108.500  1890.000
    37.250  -108.500  2302.000
    37.125  -108.500  1914.000
    40.875  -108.375  2071.000
    40.750  -108.375  1889.000
    40.625  -108.375  1800.000
    40.500  -108.375  2191.000
    40.375  -108.375  2025.000
    40.250  -108.375  1921.000
    40.125  -108.375  1886.000
    40.000  -108.375  1951.000
    39.875  -108.375  2016.000
    39.750  -108.375  2225.000
    39.625  -108.375  2436.000
    39.500  -108.375  1811.000
    39.375  -108.375  1801.000
    39.250  -108.375  1910.000
    39.125  -108.375  1647.000
    39.000  -108.375  1510.000
    38.875  -108.375  1573.000
    38.750  -108.375  1893.000
    38.625  -108.375  2202.000
    38.500  -108.375  2507.000
    38.375  -108.375  2291.000
    38.250  -108.375  1994.000
    38.125  -108.375  2101.000
    38.000  -108.375  2501.000
    37.875  -108.375  2461.000
    37.750  -108.375  2688.000
    37.625  -108.375  2607.000
    37.500  -108.375  2386.000
    37.375  -108.375  2137.000
    37.250  -108.375  2238.000
    37.125  -108.375  2033.000
    40.875  -108.250  2214.000
    40.750  -108.250  1980.000
    40.625  -108.250  1936.000
    40.500  -108.250  1830.000
    40.375  -108.250  2073.000
    40.250  -108.250  1868.000
    40.125  -108.250  1862.000
    40.000  -108.250  1858.000
    39.875  -108.250  2060.000
    39.750  -108.250  2209.000
    39.625  -108.250  2508.000
    39.500  -108.250  2186.000
    39.375  -108.250  1605.000
    39.250  -108.250  1589.000
    39.125  -108.250  2095.000
    39.000  -108.250  2220.000
    38.875  -108.250  1953.000
    38.750  -108.250  1574.000
    38.625  -108.250  1891.000
    38.500  -108.250  2210.000
    38.375  -108.250  2849.000
    38.250  -108.250  2257.000
    38.125  -108.250  2189.000
    38.000  -108.250  2553.000
    37.875  -108.250  3312.000
    37.750  -108.250  2704.000
    37.625  -108.250  2836.000
    37.500  -108.250  2702.000
    37.375  -108.250  2298.000
    37.250  -108.250  2283.000
    37.125  -108.250  2044.000
    40.875  -108.125  1827.000
    40.750  -108.125  1888.000
    40.625  -108.125  1897.000
    40.500  -108.125  1870.000
    40.375  -108.125  1973.000
    40.250  -108.125  2093.000
    40.125  -108.125  1922.000
    40.000  -108.125  2010.000
    39.875  -108.125  2307.000
    39.750  -108.125  2270.000
    39.625  -108.125  2411.000
    39.500  -108.125  1772.000
    39.375  -108.125  1559.000
    39.250  -108.125  1860.000
    39.125  -108.125  2079.000
    39.000  -108.125  3053.000
    38.875  -108.125  2474.000
    38.750  -108.125  1506.000
    38.625  -108.125  1670.000
    38.500  -108.125  2038.000
    38.375  -108.125  2578.000
    38.250  -108.125  2567.000
    38.125  -108.125  2412.000
    38.000  -108.125  2631.000
    37.875  -108.125  3226.000
    37.750  -108.125  2858.000
    37.625  -108.125  3029.000
    37.500  -108.125  3299.000
    37.375  -108.125  3170.000
    37.250  -108.125  2290.000
    37.125  -108.125  2083.000
    40.875  -108.000  2015.000
    40.750  -108.000  2031.000
    40.625  -108.000  1966.000
    40.500  -108.000  1869.000
    40.375  -108.000  1984.000
    40.250  -108.000  2398.000
    40.125  -108.000  2036.000
    40.000  -108.000  1932.000
    39.875  -108.000  2425.000
    39.750  -108.000  2285.000
    39.625  -108.000  2495.000
    39.500  -108.000  1825.000
    39.375  -108.000  2482.000
    39.250  -108.000  1858.000
    39.125  -108.000  2478.000
    39.000  -108.000  2940.000
    38.875  -108.000  1727.000
    38.750  -108.000  1561.000
    38.625  -108.000  1626.000
    38.500  -108.000  1799.000
    38.375  -108.000  2222.000
    38.250  -108.000  2781.000
    38.125  -108.000  2739.000
    38.000  -108.000  2576.000
    37.875  -108.000  3462.000
    37.750  -108.000  3047.000
    37.625  -108.000  3148.000
    37.500  -108.000  2900.000
    37.375  -108.000  2772.000
    37.250  -108.000  2310.000
    37.125  -108.000  2171.000
    40.875  -107.875  2034.000
    40.750  -107.875  2154.000
    40.625  -107.875  2013.000
    40.500  -107.875  1967.000
    40.375  -107.875  1924.000
    40.250  -107.875  2289.000
    40.125  -107.875  2293.000
    40.000  -107.875  2038.000
    39.875  -107.875  2658.000
    39.750  -107.875  2502.000
    39.625  -107.875  2094.000
    39.500  -107.875  1613.000
    39.375  -107.875  3224.000
    39.250  -107.875  2221.000
    39.125  -107.875  3108.000
    39.000  -107.875  2688.000
    38.875  -107.875  1924.000
    38.750  -107.875  1755.000
    38.625  -107.875  1863.000
    38.500  -107.875  1764.000
    38.375  -107.875  1957.000
    38.250  -107.875  2422.000
    38.125  -107.875  2518.000
    38.000  -107.875  3540.000
    37.875  -107.875  3033.000
    37.750  -107.875  3652.000
    37.625  -107.875  2986.000
    37.500  -107.875  2581.000
    37.375  -107.875  2404.000
    37.250  -107.875  2039.000
    37.125  -107.875  1923.000
    40.875  -107.750  2112.000
    40.750  -107.750  2186.000
    40.625  -107.750  2075.000
    40.500  -107.750  1970.000
    40.375  -107.750  1984.000
    40.250  -107.750  2079.000
    40.125  -107.750  2269.000
    40.000  -107.750  2148.000
    39.875  -107.750  2426.000
    39.750  -107.750  2716.000
    39.625  -107.750  1964.000
    39.500  -107.750  1823.000
    39.375  -107.750  2460.000
    39.250  -107.750  2343.000
    39.125  -107.750  3163.000
    39.000  -107.750  2954.000
    38.875  -107.750  2263.000
    38.750  -107.750  1755.000
    38.625  -107.750  2401.000
    38.500  -107.750  2099.000
    38.375  -107.750  2183.000
    38.250  -107.750  2136.000
    38.125  -107.750  2271.000
    38.000  -107.750  3733.000
    37.875  -107.750  3707.000
    37.750  -107.750  3326.000
    37.625  -107.750  2966.000
    37.500  -107.750  2882.000
    37.375  -107.750  2771.000
    37.250  -107.750  2127.000
    37.125  -107.750  2020.000
    40.875  -107.625  2040.000
    40.750  -107.625  2159.000
    40.625  -107.625  2096.000
    40.500  -107.625  1939.000
    40.375  -107.625  2016.000
    40.250  -107.625  2124.000
    40.125  -107.625  2697.000
    40.000  -107.625  2308.000
    39.875  -107.625  2638.000
    39.750  -107.625  2621.000
    39.625  -107.625  1907.000
    39.500  -107.625  1824.000
    39.375  -107.625  2078.000
    39.250  -107.625  2558.000
    39.125  -107.625  2849.000
    39.000  -107.625  3034.000
    38.875  -107.625  1837.000
    38.750  -107.625  1835.000
    38.625  -107.625  2290.000
    38.500  -107.625  2433.000
    38.375  -107.625  2826.000
    38.250  -107.625  3024.000
    38.125  -107.625  2637.000
    38.000  -107.625  3439.000
    37.875  -107.625  3767.000
    37.750  -107.625  3642.000
    37.625  -107.625  3868.000
    37.500  -107.625  3486.000
    37.375  -107.625  2705.000
    37.250  -107.625  2194.000
    37.125  -107.625  2007.000
    40.875  -107.500  2194.000
    40.750  -107.500  2306.000
    40.625  -107.500  1977.000
    40.500  -107.500  1902.000
    40.375  -107.500  2108.000
    40.250  -107.500  2491.000
    40.125  -107.500  2977.000
    40.000  -107.500  2646.000
    39.875  -107.500  2952.000
    39.750  -107.500  3030.000
    39.625  -107.500  2433.000
    39.500  -107.500  2049.000
    39.375  -107.500  2625.000
    39.250  -107.500  2449.000
    39.125  -107.500  2535.000
    39.000  -107.500  2445.000
    38.875  -107.500  2061.000
    38.750  -107.500  2598.000
    38.625  -107.500  2623.000
    38.500  -107.500  2923.000
    38.375  -107.500  2302.000
    38.250  -107.500  3309.000
    38.125  -107.500  3581.000
    38.000  -107.500  3701.000
    37.875  -107.500  3674.000
    37.750  -107.500  3532.000
    37.625  -107.500  3737.000
    37.500  -107.500  3354.000
    37.375  -107.500  2925.000
    37.250  -107.500  2345.000
    37.125  -107.500  2394.000
    40.875  -107.375  2454.000
    40.750  -107.375  2696.000
    40.625  -107.375  2054.000
    40.500  -107.375  1954.000
    40.375  -107.375  2315.000
    40.250  -107.375  2623.000
    40.125  -107.375  3107.000
    40.000  -107.375  2876.000
    39.875  -107.375  3113.000
    39.750  -107.375  3358.000
    39.625  -107.375  2927.000
    39.500  -107.375  2508.000
    39.375  -107.375  2858.000
    39.250  -107.375  3233.000
    39.125  -107.375  2428.000
    39.000  -107.375  2174.000
    38.875  -107.375  2623.000
    38.750  -107.375  2942.000
    38.625  -107.375  2989.000
    38.500  -107.375  2861.000
    38.375  -107.375  2750.000
    38.250  -107.375  3166.000
    38.125  -107.375  3581.000
    38.000  -107.375  3275.000
    37.875  -107.375  3615.000
    37.750  -107.375  3371.000
    37.625  -107.375  3548.000
    37.500  -107.375  3546.000
    37.375  -107.375  2452.000
    37.250  -107.375  2377.000
    37.125  -107.375  1953.000
    40.875  -107.250  2779.000
    40.750  -107.250  2622.000
    40.625  -107.250  2077.000
    40.500  -107.250  1952.000
    40.375  -107.250  2237.000
    40.250  -107.250  2749.000
    40.125  -107.250  2975.000
    40.000  -107.250  3024.000
    39.875  -107.250  3234.000
    39.750  -107.250  3031.000
    39.625  -107.250  2859.000
    39.500  -107.250  2137.000
    39.375  -107.250  2096.000
    39.250  -107.250  2479.000
    39.125  -107.250  2620.000
    39.000  -107.250  2950.000
    38.875  -107.250  2949.000
    38.750  -107.250  3051.000
    38.625  -107.250  2925.000
    38.500  -107.250  2642.000
    38.375  -107.250  2501.000
    38.250  -107.250  2523.000
    38.125  -107.250  3237.000
    38.000  -107.250  3366.000
    37.875  -107.250  3252.000
    37.750  -107.250  3104.000
    37.625  -107.250  3620.000
    37.500  -107.250  2605.000
    37.375  -107.250  2540.000
    37.250  -107.250  2424.000
    37.125  -107.250  2399.000
    40.875  -107.125  2459.000
    40.750  -107.125  2481.000
    40.625  -107.125  2551.000
    40.500  -107.125  2111.000
    40.375  -107.125  2130.000
    40.250  -107.125  2547.000
    40.125  -107.125  3209.000
    40.000  -107.125  3406.000
    39.875  -107.125  3451.000
    39.750  -107.125  2444.000
    39.625  -107.125  2033.000
    39.500  -107.125  2362.000
    39.375  -107.125  2261.000
    39.250  -107.125  3185.000
    39.125  -107.125  3402.000
    39.000  -107.125  3526.000
    38.875  -107.125  3149.000
    38.750  -107.125  2939.000
    38.625  -107.125  3102.000
    38.500  -107.125  2455.000
    38.375  -107.125  2625.000
    38.250  -107.125  2626.000
    38.125  -107.125  3340.000
    38.000  -107.125  3390.000
    37.875  -107.125  3365.000
    37.750  -107.125  2995.000
    37.625  -107.125  3298.000
    37.500  -107.125  3101.000
    37.375  -107.125  2516.000
    37.250  -107.125  2247.000
    37.125  -107.125  2192.000
    40.875  -107.000  2635.000
    40.750  -107.000  2596.000
    40.625  -107.000  2157.000
    40.500  -107.000  2100.000
    40.375  -107.000  2111.000
    40.250  -107.000  2511.000
    40.125  -107.000  2641.000
    40.000  -107.000  2984.000
    39.875  -107.000  2683.000
    39.750  -107.000  2046.000
    39.625  -107.000  2358.000
    39.500  -107.000  2960.000
    39.375  -107.000  2244.000
    39.250  -107.000  2529.000
    39.125  -107.000  3571.000
    39.000  -107.000  3182.000
    38.875  -107.000  2801.000
    38.750  -107.000  2780.000
    38.625  -107.000  2591.000
    38.500  -107.000  2345.000
    38.375  -107.000  2638.000
    38.250  -107.000  3009.000
    38.125  -107.000  3002.000
    38.000  -107.000  3696.000
    37.875  -107.000  3117.000
    37.750  -107.000  2870.000
    37.625  -107.000  3460.000
    37.500  -107.000  3471.000
    37.375  -107.000  2519.000
    37.250  -107.000  2199.000
    37.125  -107.000  2149.000
    40.875  -106.875  2716.000
    40.750  -106.875  2496.000
    40.625  -106.875  2329.000
    40.500  -106.875  2052.000
    40.375  -106.875  2143.000
    40.250  -106.875  2476.000
    40.125  -106.875  2537.000
    40.000  -106.875  2769.000
    39.875  -106.875  2039.000
    39.750  -106.875  2811.000
    39.625  -106.875  2115.000
    39.500  -106.875  2542.000
    39.375  -106.875  2343.000
    39.250  -106.875  2330.000
    39.125  -106.875  3364.000
    39.000  -106.875  3849.000
    38.875  -106.875  2983.000
    38.750  -106.875  2685.000
    38.625  -106.875  2449.000
    38.500  -106.875  2469.000
    38.375  -106.875  2891.000
    38.250  -106.875  3351.000
    38.125  -106.875  3222.000
    38.000  -106.875  3771.000
    37.875  -106.875  3276.000
    37.750  -106.875  3148.000
    37.625  -106.875  3158.000
    37.500  -106.875  3449.000
    37.375  -106.875  2534.000
    37.250  -106.875  2508.000
    37.125  -106.875  2425.000
    40.875  -106.750  3237.000
    40.750  -106.750  2758.000
    40.625  -106.750  3049.000
    40.500  -106.750  2734.000
    40.375  -106.750  2872.000
    40.250  -106.750  2869.000
    40.125  -106.750  2868.000
    40.000  -106.750  2611.000
    39.875  -106.750  2355.000
    39.750  -106.750  2474.000
    39.625  -106.750  2308.000
    39.500  -106.750  2632.000
    39.375  -106.750  2727.000
    39.250  -106.750  2914.000
    39.125  -106.750  2855.000
    39.000  -106.750  3504.000
    38.875  -106.750  3284.000
    38.750  -106.750  2825.000
    38.625  -106.750  3099.000
    38.500  -106.750  2489.000
    38.375  -106.750  2604.000
    38.250  -106.750  2727.000
    38.125  -106.750  2971.000
    38.000  -106.750  3276.000
    37.875  -106.750  3587.000
    37.750  -106.750  2823.000
    37.625  -106.750  3063.000
    37.500  -106.750  3206.000
    37.375  -106.750  2917.000
    37.250  -106.750  2616.000
    37.125  -106.750  3223.000
    40.875  -106.625  2953.000
    40.750  -106.625  3036.000
    40.625  -106.625  3024.000
    40.500  -106.625  2822.000
    40.375  -106.625  2889.000
    40.250  -106.625  2863.000
    40.125  -106.625  2970.000
    40.000  -106.625  2913.000
    39.875  -106.625  2281.000
    39.750  -106.625  2490.000
    39.625  -106.625  2440.000
    39.500  -106.625  3541.000
    39.375  -106.625  3074.000
    39.250  -106.625  3348.000
    39.125  -106.625  3355.000
    39.000  -106.625  3715.000
    38.875  -106.625  3268.000
    38.750  -106.625  3287.000
    38.625  -106.625  3294.000
    38.500  -106.625  2618.000
    38.375  -106.625  2949.000
    38.250  -106.625  3051.000
    38.125  -106.625  3197.000
    38.000  -106.625  3208.000
    37.875  -106.625  3574.000
    37.750  -106.625  3164.000
    37.625  -106.625  3067.000
    37.500  -106.625  3270.000
    37.375  -106.625  3377.000
    37.250  -106.625  3457.000
    37.125  -106.625  3560.000
    40.875  -106.500  2515.000
    40.750  -106.500  2557.000
    40.625  -106.500  2533.000
    40.500  -106.500  2562.000
    40.375  -106.500  2627.000
    40.250  -106.500  2503.000
    40.125  -106.500  2498.000
    40.000  -106.500  2243.000
    39.875  -106.500  2840.000
    39.750  -106.500  2710.000
    39.625  -106.500  2387.000
    39.500  -106.500  3380.000
    39.375  -106.500  3453.000
    39.250  -106.500  3557.000
    39.125  -106.500  3868.000
    39.000  -106.500  3783.000
    38.875  -106.500  3045.000
    38.750  -106.500  3238.000
    38.625  -106.500  3123.000
    38.500  -106.500  2788.000
    38.375  -106.500  2769.000
    38.250  -106.500  2866.000
    38.125  -106.500  2722.000
    38.000  -106.500  3236.000
    37.875  -106.500  3273.000
    37.750  -106.500  2673.000
    37.625  -106.500  2818.000
    37.500  -106.500  3256.000
    37.375  -106.500  3562.000
    37.250  -106.500  3305.000
    37.125  -106.500  3500.000
    40.875  -106.375  2449.000
    40.750  -106.375  2482.000
    40.625  -106.375  2474.000
    40.500  -106.375  2537.000
    40.375  -106.375  3049.000
    40.250  -106.375  2529.000
    40.125  -106.375  2523.000
    40.000  -106.375  2281.000
    39.875  -106.375  2734.000
    39.750  -106.375  3433.000
    39.625  -106.375  2924.000
    39.500  -106.375  2776.000
    39.375  -106.375  3455.000
    39.250  -106.375  2999.000
    39.125  -106.375  3007.000
    39.000  -106.375  3195.000
    38.875  -106.375  3357.000
    38.750  -106.375  3497.000
    38.625  -106.375  3650.000
    38.500  -106.375  3155.000
    38.375  -106.375  2757.000
    38.250  -106.375  3074.000
    38.125  -106.375  2599.000
    38.000  -106.375  3138.000
    37.875  -106.375  2779.000
    37.750  -106.375  2549.000
    37.625  -106.375  2556.000
    37.500  -106.375  3230.000
    37.375  -106.375  2924.000
    37.250  -106.375  2996.000
    37.125  -106.375  2726.000
    40.875  -106.250  2478.000
    40.750  -106.250  2487.000
    40.625  -106.250  2543.000
    40.500  -106.250  2613.000
    40.375  -106.250  3058.000
    40.250  -106.250  2796.000
    40.125  -106.250  2583.000
    40.000  -106.250  2440.000
    39.875  -106.250  2616.000
    39.750  -106.250  3305.000
    39.625  -106.250  3097.000
    39.500  -106.250  3487.000
    39.375  -106.250  3608.000
    39.250  -106.250  3364.000
    39.125  -106.250  3232.000
    39.000  -106.250  2842.000
    38.875  -106.250  3143.000
    38.750  -106.250  3929.000
    38.625  -106.250  3975.000
    38.500  -106.250  3394.000
    38.375  -106.250  3234.000
    38.250  -106.250  2988.000
    38.125  -106.250  2439.000
    38.000  -106.250  2740.000
    37.875  -106.250  2413.000
    37.750  -106.250  2377.000
    37.625  -106.250  2386.000
    37.500  -106.250  2546.000
    37.375  -106.250  2627.000
    37.250  -106.250  2619.000
    37.125  -106.250  2819.000
    40.875  -106.125  3165.000
    40.750  -106.125  2488.000
    40.625  -106.125  2591.000
    40.500  -106.125  2754.000
    40.375  -106.125  2905.000
    40.250  -106.125  2834.000
    40.125  -106.125  2744.000
    40.000  -106.125  2480.000
    39.875  -106.125  2739.000
    39.750  -106.125  2652.000
    39.625  -106.125  3135.000
    39.500  -106.125  3393.000
    39.375  -106.125  3831.000
    39.250  -106.125  3591.000
    39.125  -106.125  3351.000
    39.000  -106.125  3672.000
    38.875  -106.125  2548.000
    38.750  -106.125  2446.000
    38.625  -106.125  2494.000
    38.500  -106.125  2515.000
    38.375  -106.125  3139.000
    38.250  -106.125  2845.000
    38.125  -106.125  2584.000
    38.000  -106.125  2331.000
    37.875  -106.125  2320.000
    37.750  -106.125  2250.000
    37.625  -106.125  2326.000
    37.500  -106.125  2305.000
    37.375  -106.125  2382.000
    37.250  -106.125  2430.000
    37.125  -106.125  2542.000
    40.875  -106.000  2679.000
    40.750  -106.000  3095.000
    40.625  -106.000  2779.000
    40.500  -106.000  2838.000
    40.375  -106.000  3017.000
    40.250  -106.000  3240.000
    40.125  -106.000  2548.000
    40.000  -106.000  2829.000
    39.875  -106.000  3263.000
    39.750  -106.000  3349.000
    39.625  -106.000  3154.000
    39.500  -106.000  3207.000
    39.375  -106.000  3621.000
    39.250  -106.000  3088.000
    39.125  -106.000  2887.000
    39.000  -106.000  2854.000
    38.875  -106.000  2841.000
    38.750  -106.000  2770.000
    38.625  -106.000  2594.000
    38.500  -106.000  2325.000
    38.375  -106.000  2716.000
    38.250  -106.000  2545.000
    38.125  -106.000  2369.000
    38.000  -106.000  2292.000
    37.875  -106.000  2297.000
    37.750  -106.000  2304.000
    37.625  -106.000  2304.000
    37.500  -106.000  2288.000
    37.375  -106.000  2304.000
    37.250  -106.000  2332.000
    37.125  -106.000  2382.000
    40.875  -105.875  2597.000
    40.750  -105.875  2633.000
    40.625  -105.875  3113.000
    40.500  -105.875  3226.000
    40.375  -105.875  3068.000
    40.250  -105.875  2674.000
    40.125  -105.875  2550.000
    40.000  -105.875  2621.000
    39.875  -105.875  3164.000
    39.750  -105.875  3676.000
    39.625  -105.875  3616.000
    39.500  -105.875  3721.000
    39.375  -105.875  3026.000
    39.250  -105.875  2917.000
    39.125  -105.875  2837.000
    39.000  -105.875  2742.000
    38.875  -105.875  2818.000
    38.750  -105.875  2834.000
    38.625  -105.875  2986.000
    38.500  -105.875  2344.000
    38.375  -105.875  3058.000
    38.250  -105.875  2510.000
    38.125  -105.875  2335.000
    38.000  -105.875  2290.000
    37.875  -105.875  2288.000
    37.750  -105.875  2288.000
    37.625  -105.875  2287.000
    37.500  -105.875  2285.000
    37.375  -105.875  2286.000
    37.250  -105.875  2315.000
    37.125  -105.875  2404.000
    40.875  -105.750  2950.000
    40.750  -105.750  3103.000
    40.625  -105.750  3098.000
    40.500  -105.750  3164.000
    40.375  -105.750  3580.000
    40.250  -105.750  3357.000
    40.125  -105.750  2855.000
    40.000  -105.750  2985.000
    39.875  -105.750  2944.000
    39.750  -105.750  3343.000
    39.625  -105.750  3749.000
    39.500  -105.750  3211.000
    39.375  -105.750  2975.000
    39.250  -105.750  2932.000
    39.125  -105.750  2911.000
    39.000  -105.750  2701.000
    38.875  -105.750  2896.000
    38.750  -105.750  3078.000
    38.625  -105.750  2921.000
    38.500  -105.750  2862.000
    38.375  -105.750  2096.000
    38.250  -105.750  3411.000
    38.125  -105.750  3179.000
    38.000  -105.750  2337.000
    37.875  -105.750  2306.000
    37.750  -105.750  2298.000
    37.625  -105.750  2290.000
    37.500  -105.750  2287.000
    37.375  -105.750  2272.000
    37.250  -105.750  2286.000
    37.125  -105.750  2290.000
    40.875  -105.625  2723.000
    40.750  -105.625  2700.000
    40.625  -105.625  2939.000
    40.500  -105.625  3651.000
    40.375  -105.625  2738.000
    40.250  -105.625  3736.000
    40.125  -105.625  3469.000
    40.000  -105.625  3429.000
    39.875  -105.625  3079.000
    39.750  -105.625  2887.000
    39.625  -105.625  3601.000
    39.500  -105.625  3724.000
    39.375  -105.625  3486.000
    39.250  -105.625  2797.000
    39.125  -105.625  2972.000
    39.000  -105.625  2688.000
    38.875  -105.625  2843.000
    38.750  -105.625  2900.000
    38.625  -105.625  2889.000
    38.500  -105.625  2678.000
    38.375  -105.625  2112.000
    38.250  -105.625  2381.000
    38.125  -105.625  3380.000
    38.000  -105.625  3650.000
    37.875  -105.625  2470.000
    37.750  -105.625  2342.000
    37.625  -105.625  2326.000
    37.500  -105.625  2318.000
    37.375  -105.625  2318.000
    37.250  -105.625  2426.000
    37.125  -105.625  2340.000
    40.875  -105.500  2359.000
    40.750  -105.500  2376.000
    40.625  -105.500  2560.000
    40.500  -105.500  2896.000
    40.375  -105.500  2323.000
    40.250  -105.500  2686.000
    40.125  -105.500  2686.000
    40.000  -105.500  2592.000
    39.875  -105.500  2853.000
    39.750  -105.500  2465.000
    39.625  -105.500  2635.000
    39.500  -105.500  2698.000
    39.375  -105.500  2880.000
    39.250  -105.500  3469.000
    39.125  -105.500  2772.000
    39.000  -105.500  3032.000
    38.875  -105.500  2681.000
    38.750  -105.500  2719.000
    38.625  -105.500  2509.000
    38.500  -105.500  2483.000
    38.375  -105.500  2377.000
    38.250  -105.500  2384.000
    38.125  -105.500  2398.000
    38.000  -105.500  2910.000
    37.875  -105.500  3382.000
    37.750  -105.500  2615.000
    37.625  -105.500  3804.000
    37.500  -105.500  2491.000
    37.375  -105.500  2381.000
    37.250  -105.500  2398.000
    37.125  -105.500  2422.000
    40.875  -105.375  2011.000
    40.750  -105.375  2108.000
    40.625  -105.375  2306.000
    40.500  -105.375  2572.000
    40.375  -105.375  2525.000
    40.250  -105.375  2325.000
    40.125  -105.375  2334.000
    40.000  -105.375  2092.000
    39.875  -105.375  2660.000
    39.750  -105.375  2339.000
    39.625  -105.375  2403.000
    39.500  -105.375  2601.000
    39.375  -105.375  2442.000
    39.250  -105.375  2846.000
    39.125  -105.375  2788.000
    39.000  -105.375  2460.000
    38.875  -105.375  2708.000
    38.750  -105.375  2601.000
    38.625  -105.375  2461.000
    38.500  -105.375  1914.000
    38.375  -105.375  2309.000
    38.250  -105.375  2331.000
    38.125  -105.375  2691.000
    38.000  -105.375  2524.000
    37.875  -105.375  2580.000
    37.750  -105.375  2680.000
    37.625  -105.375  3467.000
    37.500  -105.375  2644.000
    37.375  -105.375  2548.000
    37.250  -105.375  2611.000
    37.125  -105.375  2533.000
    40.875  -105.250  1970.000
    40.750  -105.250  1847.000
    40.625  -105.250  2056.000
    40.500  -105.250  1779.000
    40.375  -105.250  1803.000
    40.250  -105.250  1814.000
    40.125  -105.250  1672.000
    40.000  -105.250  1640.000
    39.875  -105.250  1907.000
    39.750  -105.250  1910.000
    39.625  -105.250  2212.000
    39.500  -105.250  2550.000
    39.375  -105.250  2257.000
    39.250  -105.250  2093.000
    39.125  -105.250  2435.000
    39.000  -105.250  2733.000
    38.875  -105.250  2695.000
    38.750  -105.250  2518.000
    38.625  -105.250  2189.000
    38.500  -105.250  1801.000
    38.375  -105.250  2010.000
    38.250  -105.250  2708.000
    38.125  -105.250  2957.000
    38.000  -105.250  2918.000
    37.875  -105.250  2522.000
    37.750  -105.250  2277.000
    37.625  -105.250  3125.000
    37.500  -105.250  2830.000
    37.375  -105.250  2941.000
    37.250  -105.250  3385.000
    37.125  -105.250  3135.000
    40.875  -105.125  1844.000
    40.750  -105.125  1639.000
    40.625  -105.125  1551.000
    40.500  -105.125  1590.000
    40.375  -105.125  1546.000
    40.250  -105.125  1568.000
    40.125  -105.125  1527.000
    40.000  -105.125  1625.000
    39.875  -105.125  1695.000
    39.750  -105.125  1699.000
    39.625  -105.125  1735.000
    39.500  -105.125  1953.000
    39.375  -105.125  2298.000
    39.250  -105.125  2562.000
    39.125  -105.125  2435.000
    39.000  -105.125  2754.000
    38.875  -105.125  3127.000
    38.750  -105.125  3082.000
    38.625  -105.125  2679.000
    38.500  -105.125  1840.000
    38.375  -105.125  1603.000
    38.250  -105.125  1937.000
    38.125  -105.125  2723.000
    38.000  -105.125  3360.000
    37.875  -105.125  2437.000
    37.750  -105.125  2107.000
    37.625  -105.125  2617.000
    37.500  -105.125  2606.000
    37.375  -105.125  2886.000
    37.250  -105.125  3286.000
    37.125  -105.125  3034.000
    40.875  -105.000  1737.000
    40.750  -105.000  1624.000
    40.625  -105.000  1536.000
    40.500  -105.000  1483.000
    40.375  -105.000  1510.000
    40.250  -105.000  1534.000
    40.125  -105.000  1498.000
    40.000  -105.000  1593.000
    39.875  -105.000  1647.000
    39.750  -105.000  1581.000
    39.625  -105.000  1641.000
    39.500  -105.000  1751.000
    39.375  -105.000  1910.000
    39.250  -105.000  2139.000
    39.125  -105.000  2745.000
    39.000  -105.000  2814.000
    38.875  -105.000  2789.000
    38.750  -105.000  3302.000
    38.625  -105.000  2533.000
    38.500  -105.000  1794.000
    38.375  -105.000  1555.000
    38.250  -105.000  1661.000
    38.125  -105.000  2088.000
    38.000  -105.000  2289.000
    37.875  -105.000  3271.000
    37.750  -105.000  2061.000
    37.625  -105.000  2141.000
    37.500  -105.000  2170.000
    37.375  -105.000  3650.000
    37.250  -105.000  2570.000
    37.125  -105.000  2560.000
    40.875  -104.875  1730.000
    40.750  -104.875  1660.000
    40.625  -104.875  1567.000
    40.500  -104.875  1477.000
    40.375  -104.875  1511.000
    40.250  -104.875  1451.000
    40.125  -104.875  1521.000
    40.000  -104.875  1549.000
    39.875  -104.875  1557.000
    39.750  -104.875  1622.000
    39.625  -104.875  1715.000
    39.500  -104.875  1893.000
    39.375  -104.875  1923.000
    39.250  -104.875  2090.000
    39.125  -104.875  2228.000
    39.000  -104.875  2118.000
    38.875  -104.875  1956.000
    38.750  -104.875  2554.000
    38.625  -104.875  1975.000
    38.500  -104.875  1865.000
    38.375  -104.875  1591.000
    38.250  -104.875  1589.000
    38.125  -104.875  1728.000
    38.000  -104.875  1844.000
    37.875  -104.875  1906.000
    37.750  -104.875  1868.000
    37.625  -104.875  1992.000
    37.500  -104.875  2135.000
    37.375  -104.875  2598.000
    37.250  -104.875  2366.000
    37.125  -104.875  2198.000
    40.875  -104.750  1686.000
    40.750  -104.750  1597.000
    40.625  -104.750  1526.000
    40.500  -104.750  1474.000
    40.375  -104.750  1454.000
    40.250  -104.750  1487.000
    40.125  -104.750  1552.000
    40.000  -104.750  1556.000
    39.875  -104.750  1602.000
    39.750  -104.750  1674.000
    39.625  -104.750  1768.000
    39.500  -104.750  1834.000
    39.375  -104.750  1898.000
    39.250  -104.750  2098.000
    39.125  -104.750  2241.000
    39.000  -104.750  2142.000
    38.875  -104.750  1959.000
    38.750  -104.750  1746.000
    38.625  -104.750  1710.000
    38.500  -104.750  1694.000
    38.375  -104.750  1575.000
    38.250  -104.750  1499.000
    38.125  -104.750  1598.000
    38.000  -104.750  1685.000
    37.875  -104.750  1808.000
    37.750  -104.750  1813.000
    37.625  -104.750  1882.000
    37.500  -104.750  2082.000
    37.375  -104.750  2149.000
    37.250  -104.750  2287.000
    37.125  -104.750  2037.000
    40.875  -104.625  1661.000
    40.750  -104.625  1605.000
    40.625  -104.625  1503.000
    40.500  -104.625  1449.000
    40.375  -104.625  1416.000
    40.250  -104.625  1466.000
    40.125  -104.625  1490.000
    40.000  -104.625  1551.000
    39.875  -104.625  1614.000
    39.750  -104.625  1680.000
    39.625  -104.625  1774.000
    39.500  -104.625  1910.000
    39.375  -104.625  1996.000
    39.250  -104.625  2080.000
    39.125  -104.625  2226.000
    39.000  -104.625  2240.000
    38.875  -104.625  2000.000
    38.750  -104.625  1765.000
    38.625  -104.625  1647.000
    38.500  -104.625  1578.000
    38.375  -104.625  1498.000
    38.250  -104.625  1459.000
    38.125  -104.625  1548.000
    38.000  -104.625  1675.000
    37.875  -104.625  1736.000
    37.750  -104.625  1779.000
    37.625  -104.625  1860.000
    37.500  -104.625  1922.000
    37.375  -104.625  2067.000
    37.250  -104.625  2193.000
    37.125  -104.625  1947.000
    40.875  -104.500  1618.000
    40.750  -104.500  1611.000
    40.625  -104.500  1504.000
    40.500  -104.500  1431.000
    40.375  -104.500  1393.000
    40.250  -104.500  1452.000
    40.125  -104.500  1498.000
    40.000  -104.500  1536.000
    39.875  -104.500  1600.000
    39.750  -104.500  1687.000
    39.625  -104.500  1822.000
    39.500  -104.500  1901.000
    39.375  -104.500  1956.000
    39.250  -104.500  2064.000
    39.125  -104.500  2127.000
    39.000  -104.500  2060.000
    38.875  -104.500  1946.000
    38.750  -104.500  1818.000
    38.625  -104.500  1650.000
    38.500  -104.500  1557.000
    38.375  -104.500  1539.000
    38.250  -104.500  1414.000
    38.125  -104.500  1500.000
    38.000  -104.500  1564.000
    37.875  -104.500  1710.000
    37.750  -104.500  1820.000
    37.625  -104.500  1870.000
    37.500  -104.500  1870.000
    37.375  -104.500  1826.000
    37.250  -104.500  1898.000
    37.125  -104.500  2092.000
    40.875  -104.375  1567.000
    40.750  -104.375  1532.000
    40.625  -104.375  1485.000
    40.500  -104.375  1490.000
    40.375  -104.375  1404.000
    40.250  -104.375  1435.000
    40.125  -104.375  1449.000
    40.000  -104.375  1517.000
    39.875  -104.375  1586.000
    39.750  -104.375  1654.000
    39.625  -104.375  1706.000
    39.500  -104.375  1819.000
    39.375  -104.375  1904.000
    39.250  -104.375  1896.000
    39.125  -104.375  2061.000
    39.000  -104.375  1995.000
    38.875  -104.375  1861.000
    38.750  -104.375  1751.000
    38.625  -104.375  1647.000
    38.500  -104.375  1547.000
    38.375  -104.375  1470.000
    38.250  -104.375  1388.000
    38.125  -104.375  1431.000
    38.000  -104.375  1516.000
    37.875  -104.375  1697.000
    37.750  -104.375  1795.000
    37.625  -104.375  1753.000
    37.500  -104.375  1749.000
    37.375  -104.375  1822.000
    37.250  -104.375  1762.000
    37.125  -104.375  1909.000
    40.875  -104.250  1552.000
    40.750  -104.250  1516.000
    40.625  -104.250  1518.000
    40.500  -104.250  1434.000
    40.375  -104.250  1388.000
    40.250  -104.250  1402.000
    40.125  -104.250  1453.000
    40.000  -104.250  1489.000
    39.875  -104.250  1573.000
    39.750  -104.250  1582.000
    39.625  -104.250  1646.000
    39.500  -104.250  1755.000
    39.375  -104.250  1801.000
    39.250  -104.250  1888.000
    39.125  -104.250  1917.000
    39.000  -104.250  2055.000
    38.875  -104.250  1925.000
    38.750  -104.250  1876.000
    38.625  -104.250  1713.000
    38.500  -104.250  1637.000
    38.375  -104.250  1499.000
    38.250  -104.250  1384.000
    38.125  -104.250  1405.000
    38.000  -104.250  1438.000
    37.875  -104.250  1537.000
    37.750  -104.250  1632.000
    37.625  -104.250  1652.000
    37.500  -104.250  1709.000
    37.375  -104.250  1714.000
    37.250  -104.250  1692.000
    37.125  -104.250  1735.000
    40.875  -104.125  1597.000
    40.750  -104.125  1520.000
    40.625  -104.125  1506.000
    40.500  -104.125  1438.000
    40.375  -104.125  1375.000
    40.250  -104.125  1379.000
    40.125  -104.125  1436.000
    40.000  -104.125  1463.000
    39.875  -104.125  1494.000
    39.750  -104.125  1546.000
    39.625  -104.125  1613.000
    39.500  -104.125  1701.000
    39.375  -104.125  1788.000
    39.250  -104.125  1831.000
    39.125  -104.125  1850.000
    39.000  -104.125  1949.000
    38.875  -104.125  1883.000
    38.750  -104.125  1766.000
    38.625  -104.125  1680.000
    38.500  -104.125  1595.000
    38.375  -104.125  1506.000
    38.250  -104.125  1405.000
    38.125  -104.125  1340.000
    38.000  -104.125  1408.000
    37.875  -104.125  1446.000
    37.750  -104.125  1514.000
    37.625  -104.125  1631.000
    37.500  -104.125  1747.000
    37.375  -104.125  1658.000
    37.250  -104.125  1707.000
    37.125  -104.125  1725.000
    40.875  -104.000  1620.000
    40.750  -104.000  1540.000
    40.625  -104.000  1512.000
    40.500  -104.000  1482.000
    40.375  -104.000  1347.000
    40.250  -104.000  1368.000
    40.125  -104.000  1407.000
    40.000  -104.000  1446.000
    39.875  -104.000  1499.000
    39.750  -104.000  1525.000
    39.625  -104.000  1618.000
    39.500  -104.000  1647.000
    39.375  -104.000  1692.000
    39.250  -104.000  1789.000
    39.125  -104.000  1882.000
    39.000  -104.000  1847.000
    38.875  -104.000  1773.000
    38.750  -104.000  1700.000
    38.625  -104.000  1646.000
    38.500  -104.000  1555.000
    38.375  -104.000  1502.000
    38.250  -104.000  1437.000
    38.125  -104.000  1314.000
    38.000  -104.000  1371.000
    37.875  -104.000  1406.000
    37.750  -104.000  1489.000
    37.625  -104.000  1576.000
    37.500  -104.000  1667.000
    37.375  -104.000  1588.000
    37.250  -104.000  1621.000
    37.125  -104.000  1721.000
    40.875  -103.875  1586.000
    40.750  -103.875  1454.000
    40.625  -103.875  1446.000
    40.500  -103.875  1470.000
    40.375  -103.875  1420.000
    40.250  -103.875  1326.000
    40.125  -103.875  1403.000
    40.000  -103.875  1429.000
    39.875  -103.875  1520.000
    39.750  -103.875  1498.000
    39.625  -103.875  1602.000
    39.500  -103.875  1658.000
    39.375  -103.875  1728.000
    39.250  -103.875  1726.000
    39.125  -103.875  1804.000
    39.000  -103.875  1766.000
    38.875  -103.875  1692.000
    38.750  -103.875  1630.000
    38.625  -103.875  1579.000
    38.500  -103.875  1453.000
    38.375  -103.875  1438.000
    38.250  -103.875  1345.000
    38.125  -103.875  1297.000
    38.000  -103.875  1333.000
    37.875  -103.875  1357.000
    37.750  -103.875  1416.000
    37.625  -103.875  1572.000
    37.500  -103.875  1539.000
    37.375  -103.875  1536.000
    37.250  -103.875  1681.000
    37.125  -103.875  1777.000
    40.875  -103.750  1487.000
    40.750  -103.750  1425.000
    40.625  -103.750  1432.000
    40.500  -103.750  1410.000
    40.375  -103.750  1358.000
    40.250  -103.750  1307.000
    40.125  -103.750  1367.000
    40.000  -103.750  1379.000
    39.875  -103.750  1430.000
    39.750  -103.750  1468.000
    39.625  -103.750  1497.000
    39.500  -103.750  1591.000
    39.375  -103.750  1780.000
    39.250  -103.750  1667.000
    39.125  -103.750  1710.000
    39.000  -103.750  1679.000
    38.875  -103.750  1640.000
    38.750  -103.750  1553.000
    38.625  -103.750  1496.000
    38.500  -103.750  1412.000
    38.375  -103.750  1356.000
    38.250  -103.750  1339.000
    38.125  -103.750  1305.000
    38.000  -103.750  1329.000
    37.875  -103.750  1324.000
    37.750  -103.750  1450.000
    37.625  -103.750  1475.000
    37.500  -103.750  1506.000
    37.375  -103.750  1622.000
    37.250  -103.750  1704.000
    37.125  -103.750  1788.000
    40.875  -103.625  1392.000
    40.750  -103.625  1366.000
    40.625  -103.625  1377.000
    40.500  -103.625  1395.000
    40.375  -103.625  1318.000
    40.250  -103.625  1296.000
    40.125  -103.625  1322.000
    40.000  -103.625  1373.000
    39.875  -103.625  1402.000
    39.750  -103.625  1472.000
    39.625  -103.625  1545.000
    39.500  -103.625  1682.000
    39.375  -103.625  1707.000
    39.250  -103.625  1627.000
    39.125  -103.625  1646.000
    39.000  -103.625  1610.000
    38.875  -103.625  1572.000
    38.750  -103.625  1595.000
    38.625  -103.625  1529.000
    38.500  -103.625  1476.000
    38.375  -103.625  1358.000
    38.250  -103.625  1315.000
    38.125  -103.625  1336.000
    38.000  -103.625  1264.000
    37.875  -103.625  1344.000
    37.750  -103.625  1420.000
    37.625  -103.625  1403.000
    37.500  -103.625  1354.000
    37.375  -103.625  1638.000
    37.250  -103.625  1730.000
    37.125  -103.625  1998.000
    40.875  -103.500  1337.000
    40.750  -103.500  1359.000
    40.625  -103.500  1334.000
    40.500  -103.500  1337.000
    40.375  -103.500  1262.000
    40.250  -103.500  1330.000
    40.125  -103.500  1395.000
    40.000  -103.500  1376.000
    39.875  -103.500  1422.000
    39.750  -103.500  1487.000
    39.625  -103.500  1581.000
    39.500  -103.500  1636.000
    39.375  -103.500  1671.000
    39.250  -103.500  1651.000
    39.125  -103.500  1558.000
    39.000  -103.500  1588.000
    38.875  -103.500  1504.000
    38.750  -103.500  1541.000
    38.625  -103.500  1464.000
    38.500  -103.500  1385.000
    38.375  -103.500  1345.000
    38.250  -103.500  1319.000
    38.125  -103.500  1264.000
    38.000  -103.500  1234.000
    37.875  -103.500  1370.000
    37.750  -103.500  1327.000
    37.625  -103.500  1428.000
    37.500  -103.500  1483.000
    37.375  -103.500  1689.000
    37.250  -103.500  1763.000
    37.125  -103.500  1881.000
    40.875  -103.375  1297.000
    40.750  -103.375  1306.000
    40.625  -103.375  1290.000
    40.500  -103.375  1261.000
    40.375  -103.375  1295.000
    40.250  -103.375  1368.000
    40.125  -103.375  1384.000
    40.000  -103.375  1440.000
    39.875  -103.375  1468.000
    39.750  -103.375  1502.000
    39.625  -103.375  1556.000
    39.500  -103.375  1575.000
    39.375  -103.375  1609.000
    39.250  -103.375  1653.000
    39.125  -103.375  1544.000
    39.000  -103.375  1516.000
    38.875  -103.375  1462.000
    38.750  -103.375  1463.000
    38.625  -103.375  1449.000
    38.500  -103.375  1336.000
    38.375  -103.375  1295.000
    38.250  -103.375  1305.000
    38.125  -103.375  1237.000
    38.000  -103.375  1264.000
    37.875  -103.375  1289.000
    37.750  -103.375  1332.000
    37.625  -103.375  1435.000
    37.500  -103.375  1501.000
    37.375  -103.375  1667.000
    37.250  -103.375  1744.000
    37.125  -103.375  1741.000
    40.875  -103.250  1340.000
    40.750  -103.250  1233.000
    40.625  -103.250  1221.000
    40.500  -103.250  1250.000
    40.375  -103.250  1309.000
    40.250  -103.250  1370.000
    40.125  -103.250  1427.000
    40.000  -103.250  1446.000
    39.875  -103.250  1484.000
    39.750  -103.250  1499.000
    39.625  -103.250  1516.000
    39.500  -103.250  1527.000
    39.375  -103.250  1567.000
    39.250  -103.250  1587.000
    39.125  -103.250  1593.000
    39.000  -103.250  1501.000
    38.875  -103.250  1422.000
    38.750  -103.250  1423.000
    38.625  -103.250  1449.000
    38.500  -103.250  1389.000
    38.375  -103.250  1333.000
    38.250  -103.250  1258.000
    38.125  -103.250  1238.000
    38.000  -103.250  1199.000
    37.875  -103.250  1266.000
    37.750  -103.250  1299.000
    37.625  -103.250  1371.000
    37.500  -103.250  1543.000
    37.375  -103.250  1602.000
    37.250  -103.250  1643.000
    37.125  -103.250  1597.000
    40.875  -103.125  1247.000
    40.750  -103.125  1196.000
    40.625  -103.125  1253.000
    40.500  -103.125  1338.000
    40.375  -103.125  1341.000
    40.250  -103.125  1387.000
    40.125  -103.125  1372.000
    40.000  -103.125  1397.000
    39.875  -103.125  1419.000
    39.750  -103.125  1436.000
    39.625  -103.125  1458.000
    39.500  -103.125  1481.000
    39.375  -103.125  1504.000
    39.250  -103.125  1521.000
    39.125  -103.125  1552.000
    39.000  -103.125  1532.000
    38.875  -103.125  1410.000
    38.750  -103.125  1396.000
    38.625  -103.125  1388.000
    38.500  -103.125  1382.000
    38.375  -103.125  1340.000
    38.250  -103.125  1314.000
    38.125  -103.125  1201.000
    38.000  -103.125  1217.000
    37.875  -103.125  1252.000
    37.750  -103.125  1316.000
    37.625  -103.125  1387.000
    37.500  -103.125  1472.000
    37.375  -103.125  1566.000
    37.250  -103.125  1608.000
    37.125  -103.125  1523.000
    40.875  -103.000  1216.000
    40.750  -103.000  1188.000
    40.625  -103.000  1339.000
    40.500  -103.000  1357.000
    40.375  -103.000  1322.000
    40.250  -103.000  1328.000
    40.125  -103.000  1341.000
    40.000  -103.000  1356.000
    39.875  -103.000  1377.000
    39.750  -103.000  1405.000
    39.625  -103.000  1405.000
    39.500  -103.000  1438.000
    39.375  -103.000  1456.000
    39.250  -103.000  1482.000
    39.125  -103.000  1523.000
    39.000  -103.000  1479.000
    38.875  -103.000  1413.000
    38.750  -103.000  1356.000
    38.625  -103.000  1364.000
    38.500  -103.000  1337.000
    38.375  -103.000  1355.000
    38.250  -103.000  1292.000
    38.125  -103.000  1211.000
    38.000  -103.000  1210.000
    37.875  -103.000  1261.000
    37.750  -103.000  1302.000
    37.625  -103.000  1379.000
    37.500  -103.000  1443.000
    37.375  -103.000  1539.000
    37.250  -103.000  1535.000
    37.125  -103.000  1500.000
    40.875  -102.875  1166.000
    40.750  -102.875  1248.000
    40.625  -102.875  1302.000
    40.500  -102.875  1308.000
    40.375  -102.875  1289.000
    40.250  -102.875  1293.000
    40.125  -102.875  1298.000
    40.000  -102.875  1330.000
    39.875  -102.875  1356.000
    39.750  -102.875  1367.000
    39.625  -102.875  1363.000
    39.500  -102.875  1389.000
    39.375  -102.875  1398.000
    39.250  -102.875  1456.000
    39.125  -102.875  1450.000
    39.000  -102.875  1440.000
    38.875  -102.875  1379.000
    38.750  -102.875  1324.000
    38.625  -102.875  1325.000
    38.500  -102.875  1313.000
    38.375  -102.875  1262.000
    38.250  -102.875  1261.000
    38.125  -102.875  1168.000
    38.000  -102.875  1172.000
    37.875  -102.875  1227.000
    37.750  -102.875  1308.000
    37.625  -102.875  1429.000
    37.500  -102.875  1448.000
    37.375  -102.875  1475.000
    37.250  -102.875  1473.000
    37.125  -102.875  1440.000
    40.875  -102.750  1125.000
    40.750  -102.750  1277.000
    40.625  -102.750  1267.000
    40.500  -102.750  1266.000
    40.375  -102.750  1255.000
    40.250  -102.750  1251.000
    40.125  -102.750  1266.000
    40.000  -102.750  1284.000
    39.875  -102.750  1313.000
    39.750  -102.750  1324.000
    39.625  -102.750  1336.000
    39.500  -102.750  1342.000
    39.375  -102.750  1353.000
    39.250  -102.750  1399.000
    39.125  -102.750  1432.000
    39.000  -102.750  1418.000
    38.875  -102.750  1329.000
    38.750  -102.750  1295.000
    38.625  -102.750  1276.000
    38.500  -102.750  1280.000
    38.375  -102.750  1208.000
    38.250  -102.750  1197.000
    38.125  -102.750  1146.000
    38.000  -102.750  1164.000
    37.875  -102.750  1259.000
    37.750  -102.750  1313.000
    37.625  -102.750  1338.000
    37.500  -102.750  1380.000
    37.375  -102.750  1406.000
    37.250  -102.750  1408.000
    37.125  -102.750  1394.000
    40.875  -102.625  1125.000
    40.750  -102.625  1235.000
    40.625  -102.625  1229.000
    40.500  -102.625  1234.000
    40.375  -102.625  1219.000
    40.250  -102.625  1235.000
    40.125  -102.625  1228.000
    40.000  -102.625  1237.000
    39.875  -102.625  1267.000
    39.750  -102.625  1269.000
    39.625  -102.625  1297.000
    39.500  -102.625  1308.000
    39.375  -102.625  1314.000
    39.250  -102.625  1370.000
    39.125  -102.625  1406.000
    39.000  -102.625  1392.000
    38.875  -102.625  1329.000
    38.750  -102.625  1305.000
    38.625  -102.625  1249.000
    38.500  -102.625  1223.000
    38.375  -102.625  1234.000
    38.250  -102.625  1184.000
    38.125  -102.625  1117.000
    38.000  -102.625  1157.000
    37.875  -102.625  1198.000
    37.750  -102.625  1287.000
    37.625  -102.625  1337.000
    37.500  -102.625  1344.000
    37.375  -102.625  1349.000
    37.250  -102.625  1346.000
    37.125  -102.625  1342.000
    40.875  -102.500  1199.000
    40.750  -102.500  1194.000
    40.625  -102.500  1193.000
    40.500  -102.500  1201.000
    40.375  -102.500  1190.000
    40.250  -102.500  1206.000
    40.125  -102.500  1200.000
    40.000  -102.500  1201.000
    39.875  -102.500  1244.000
    39.750  -102.500  1244.000
    39.625  -102.500  1256.000
    39.500  -102.500  1236.000
    39.375  -102.500  1287.000
    39.250  -102.500  1314.000
    39.125  -102.500  1370.000
    39.000  -102.500  1375.000
    38.875  -102.500  1352.000
    38.750  -102.500  1347.000
    38.625  -102.500  1253.000
    38.500  -102.500  1193.000
    38.375  -102.500  1172.000
    38.250  -102.500  1139.000
    38.125  -102.500  1096.000
    38.000  -102.500  1153.000
    37.875  -102.500  1194.000
    37.750  -102.500  1281.000
    37.625  -102.500  1309.000
    37.500  -102.500  1285.000
    37.375  -102.500  1292.000
    37.250  -102.500  1298.000
    37.125  -102.500  1294.000
    40.875  -102.375  1179.000
    40.750  -102.375  1177.000
    40.625  -102.375  1166.000
    40.500  -102.375  1164.000
    40.375  -102.375  1172.000
    40.250  -102.375  1171.000
    40.125  -102.375  1163.000
    40.000  -102.375  1180.000
    39.875  -102.375  1199.000
    39.750  -102.375  1180.000
    39.625  -102.375  1199.000
    39.500  -102.375  1228.000
    39.375  -102.375  1273.000
    39.250  -102.375  1292.000
    39.125  -102.375  1310.000
    39.000  -102.375  1351.000
    38.875  -102.375  1310.000
    38.750  -102.375  1311.000
    38.625  -102.375  1304.000
    38.500  -102.375  1227.000
    38.375  -102.375  1221.000
    38.250  -102.375  1156.000
    38.125  -102.375  1090.000
    38.000  -102.375  1109.000
    37.875  -102.375  1193.000
    37.750  -102.375  1233.000
    37.625  -102.375  1243.000
    37.500  -102.375  1217.000
    37.375  -102.375  1226.000
    37.250  -102.375  1233.000
    37.125  -102.375  1231.000
    40.875  -102.250  1153.000
    40.750  -102.250  1146.000
    40.625  -102.250  1141.000
    40.500  -102.250  1135.000
    40.375  -102.250  1146.000
    40.250  -102.250  1141.000
    40.125  -102.250  1133.000
    40.000  -102.250  1168.000
    39.875  -102.250  1157.000
    39.750  -102.250  1196.000
    39.625  -102.250  1158.000
    39.500  -102.250  1224.000
    39.375  -102.250  1244.000
    39.250  -102.250  1264.000
    39.125  -102.250  1266.000
    39.000  -102.250  1269.000
    38.875  -102.250  1248.000
    38.750  -102.250  1258.000
    38.625  -102.250  1265.000
    38.500  -102.250  1245.000
    38.375  -102.250  1238.000
    38.250  -102.250  1167.000
    38.125  -102.250  1081.000
    38.000  -102.250  1086.000
    37.875  -102.250  1136.000
    37.750  -102.250  1179.000
    37.625  -102.250  1205.000
    37.500  -102.250  1190.000
    37.375  -102.250  1192.000
    37.250  -102.250  1186.000
    37.125  -102.250  1198.000
    40.875  -102.125  1130.000
    40.750  -102.125  1106.000
    40.625  -102.125  1108.000
    40.500  -102.125  1122.000
    40.375  -102.125  1119.000
    40.250  -102.125  1111.000
    40.125  -102.125  1094.000
    40.000  -102.125  1122.000
    39.875  -102.125  1096.000
    39.750  -102.125  1152.000
    39.625  -102.125  1110.000
    39.500  -102.125  1193.000
    39.375  -102.125  1214.000
    39.250  -102.125  1229.000
    39.125  -102.125  1220.000
    39.000  -102.125  1234.000
    38.875  -102.125  1204.000
    38.750  -102.125  1208.000
    38.625  -102.125  1217.000
    38.500  -102.125  1213.000
    38.375  -102.125  1189.000
    38.250  -102.125  1151.000
    38.125  -102.125  1072.000
    38.000  -102.125  1053.000
    37.875  -102.125  1119.000
    37.750  -102.125  1136.000
    37.625  -102.125  1146.000
    37.500  -102.125  1149.000
    37.375  -102.125  1134.000
    37.250  -102.125  1138.000
    37.125  -102.125  1153.000
