Year      Nino3
1300      0.238
1301      0.805
1302      0.996
1303      0.105
1304      0.246
1305      1.136
1306      0.669
1307     -0.178
1308     -0.491
1309      0.401
1310      0.491
1311      0.594
1312     -0.206
1313      1.632
1314      1.205
1315     -1.269
1316     -1.629
1317      0.209
1318       0.33
1319     -0.282
1320     -0.037
1321      0.583
1322     -0.347
1323     -0.094
1324     -0.685
1325      0.706
1326      0.225
1327      -0.14
1328       -0.2
1329      -0.45
1330      0.576
1331      0.867
1332      0.848
1333      0.938
1334       0.48
1335     -0.579
1336     -0.005
1337      0.808
1338     -1.733
1339      0.277
1340      0.394
1341     -0.276
1342     -0.116
1343      0.025
1344      0.298
1345      0.406
1346      0.254
1347      -1.66
1348     -0.125
1349     -0.007
1350     -0.252
1351     -0.433
1352     -0.257
1353      0.563
1354      0.487
1355     -1.036
1356      1.077
1357      0.098
1358      0.455
1359      0.741
1360     -1.018
1361     -0.023
1362     -0.221
1363      -0.96
1364      -0.49
1365     -0.677
1366      0.083
1367     -0.177
1368      0.997
1369     -0.893
1370      0.156
1371      -0.23
1372      0.458
1373      0.627
1374      0.197
1375     -1.181
1376     -0.671
1377     -0.337
1378      0.357
1379      0.031
1380      1.261
1381     -0.652
1382     -0.266
1383      0.679
1384     -0.793
1385      0.902
1386      0.052
1387       -0.6
1388      0.421
1389      0.255
1390     -1.138
1391      0.347
1392      0.667
1393      0.246
1394      1.417
1395        0.2
1396      0.347
1397     -1.256
1398      0.505
1399      -0.76
1400      0.226
1401     -0.583
1402      0.078
1403     -0.381
1404      0.701
1405      -0.55
1406      0.529
1407     -1.031
1408      0.731
1409      0.533
1410       0.24
1411     -0.438
1412       0.11
1413     -1.516
1414      0.774
1415     -0.928
1416     -0.437
1417     -0.169
1418     -0.581
1419     -1.098
1420     -0.156
1421     -1.224
1422     -0.636
1423     -0.744
1424      0.799
1425      0.665
1426      0.224
1427      0.978
1428      1.063
1429      0.002
1430      0.264
1431     -0.451
1432     -0.009
1433      0.081
1434      0.307
1435      0.908
1436      0.708
1437     -1.426
1438     -0.403
1439     -0.334
1440     -0.336
1441      0.865
1442     -1.046
1443     -0.111
1444     -0.118
1445     -1.331
1446     -0.591
1447     -0.475
1448      0.167
1449      1.435
1450     -0.338
1451       0.67
1452     -0.646
1453     -0.885
1454     -0.384
1455     -1.571
1456     -0.286
1457     -0.987
1458      0.225
1459     -0.573
1460      0.933
1461     -0.264
1462      0.782
1463     -0.325
1464      -0.88
1465      0.061
1466      1.256
1467      1.803
1468     -0.905
1469      0.513
1470      -0.38
1471     -1.143
1472      0.659
1473     -0.275
1474     -0.567
1475     -1.284
1476     -0.337
1477      0.451
1478      0.946
1479     -0.085
1480      0.069
1481      0.278
1482      0.545
1483      0.308
1484      2.363
1485      0.837
1486      1.477
1487     -0.475
1488     -0.895
1489      0.556
1490      0.414
1491     -0.119
1492      1.016
1493     -0.735
1494     -0.294
1495     -1.397
1496      0.037
1497     -1.504
1498      1.437
1499      1.301
1500       0.17
1501     -0.305
1502     -0.567
1503      0.278
1504      0.645
1505       0.43
1506      -0.98
1507     -0.189
1508     -0.561
1509      0.156
1510      0.889
1511      0.959
1512     -0.662
1513     -0.452
1514     -0.609
1515     -0.636
1516     -0.723
1517     -0.229
1518      0.477
1519      0.575
1520      0.584
1521     -0.076
1522     -0.512
1523      0.221
1524     -0.348
1525     -0.086
1526      0.751
1527     -0.138
1528     -0.657
1529      0.234
1530      0.388
1531      0.488
1532      -0.15
1533     -0.311
1534      0.449
1535     -0.098
1536      0.874
1537       0.71
1538     -0.599
1539      1.288
1540      0.974
1541      0.156
1542     -0.658
1543      0.499
1544     -0.204
1545      0.227
1546     -0.864
1547      0.252
1548     -0.603
1549      0.318
1550       1.59
1551      1.003
1552      0.155
1553      1.249
1554      0.426
1555     -0.194
1556      0.974
1557     -0.518
1558      0.657
1559     -0.056
1560     -1.201
1561     -0.648
1562      0.209
1563      0.096
1564      0.171
1565      0.505
1566     -0.473
1567     -1.344
1568     -0.875
1569     -0.594
1570     -0.279
1571     -1.436
1572     -1.012
1573     -0.756
1574      0.035
1575      0.023
1576     -0.667
1577      0.044
1578      0.014
1579     -1.272
1580     -0.892
1581     -0.038
1582      0.388
1583      0.382
1584     -0.837
1585      0.025
1586      1.033
1587     -0.038
1588     -0.135
1589     -0.768
1590     -0.208
1591      0.701
1592     -0.432
1593     -0.576
1594      1.764
1595      0.397
1596     -0.099
1597      0.395
1598      0.243
1599     -0.246
1600     -0.547
1601     -0.423
1602      0.555
1603      0.968
1604     -0.285
1605     -0.467
1606       0.38
1607       0.51
1608        0.4
1609      0.133
1610      0.911
1611     -0.169
1612      0.192
1613     -0.761
1614     -0.052
1615     -0.633
1616      0.025
1617     -0.143
1618      0.919
1619     -0.806
1620      0.857
1621      0.299
1622     -0.527
1623     -0.579
1624     -0.629
1625     -0.952
1626     -0.611
1627      0.093
1628      0.447
1629      0.687
1630      0.528
1631      0.089
1632     -0.196
1633     -0.871
1634      0.475
1635      1.385
1636      0.256
1637     -0.589
1638      0.273
1639      1.216
1640      0.857
1641      0.525
1642      0.972
1643     -0.066
1644     -0.081
1645      -0.75
1646      1.188
1647      0.176
1648     -1.516
1649      0.688
1650      0.658
1651      1.497
1652       0.28
1653     -1.403
1654     -0.979
1655      0.918
1656      1.071
1657     -0.721
1658      0.366
1659      -0.63
1660      0.347
1661      0.652
1662     -0.112
1663     -0.486
1664       -0.9
1665      0.521
1666     -0.201
1667      -0.35
1668     -1.185
1669      0.128
1670      -0.33
1671       0.99
1672     -0.641
1673     -0.555
1674      1.205
1675     -0.187
1676       -1.1
1677      0.512
1678      -0.38
1679     -0.034
1680      0.878
1681      0.435
1682      0.838
1683     -0.164
1684     -0.472
1685     -1.567
1686      0.467
1687      0.483
1688     -0.784
1689      0.324
1690      0.542
1691     -0.609
1692      0.777
1693      0.503
1694      0.282
1695      1.049
1696     -1.765
1697     -0.527
1698     -0.663
1699      0.137
1700      0.051
1701     -0.041
1702      0.383
1703     -0.455
1704     -0.524
1705     -0.641
1706      0.065
1707     -0.342
1708      -0.03
1709     -0.422
1710      1.104
1711       0.01
1712      0.293
1713     -0.045
1714     -0.315
1715     -0.884
1716     -1.026
1717      0.085
1718      0.666
1719       -0.2
1720      0.006
1721      0.096
1722       0.47
1723      0.767
1724     -0.396
1725     -0.954
1726       1.48
1727      1.646
1728     -0.187
1729     -0.292
1730     -0.054
1731      0.503
1732      0.553
1733     -1.422
1734      0.352
1735      0.207
1736      0.615
1737      0.197
1738        0.4
1739      0.057
1740      0.011
1741      0.014
1742     -0.761
1743     -0.307
1744      1.018
1745      1.115
1746      1.471
1747      1.326
1748     -1.471
1749      0.228
1750      0.444
1751      0.222
1752     -1.598
1753     -0.658
1754      -0.89
1755      -0.12
1756      0.339
1757     -1.361
1758       0.27
1759      0.214
1760     -0.405
1761     -0.029
1762      0.609
1763      -0.83
1764     -0.235
1765     -0.052
1766      0.558
1767      0.086
1768     -0.123
1769      0.429
1770      0.697
1771      0.476
1772     -0.453
1773     -0.763
1774     -0.212
1775     -0.547
1776      -0.13
1777     -0.579
1778     -0.543
1779     -0.223
1780      0.881
1781     -0.417
1782     -1.486
1783      0.546
1784      0.641
1785     -0.596
1786      -0.69
1787       0.17
1788      0.447
1789     -0.545
1790     -0.561
1791      1.238
1792      1.394
1793      1.247
1794      0.141
1795      -0.71
1796      0.256
1797     -0.104
1798     -0.816
1799       0.65
1800       0.78
1801     -0.917
1802     -0.803
1803     -0.427
1804      0.988
1805       -1.1
1806     -1.156
1807      0.066
1808     -0.558
1809     -0.146
1810      0.061
1811      0.162
1812     -0.623
1813     -0.471
1814       1.03
1815       1.31
1816      1.554
1817      0.239
1818     -0.318
1819     -1.288
1820     -0.883
1821      0.226
1822     -0.137
1823     -0.624
1824      0.179
1825       0.52
1826     -0.562
1827      0.431
1828      0.564
1829      0.071
1830       -0.6
1831     -0.053
1832      0.556
1833      1.219
1834      0.471
1835      0.055
1836     -0.354
1837      1.142
1838      0.831
1839      1.019
1840      0.181
1841      -0.33
1842     -0.631
1843     -0.285
1844     -0.022
1845      0.445
1846      0.237
1847     -0.308
1848       -0.3
1849     -0.105
1850      0.456
1851      -0.37
1852       0.79
1853      0.164
1854     -0.252
1855     -0.465
1856      0.602
1857     -0.926
1858      0.453
1859     -0.601
1860     -0.734
1861     -0.027
1862      -1.31
1863     -1.009
1864     -0.681
1865       0.17
1866     -0.603
1867     -0.126
1868      0.163
1869      0.679
1870     -0.536
1871     -1.008
1872     -0.543
1873     -0.388
1874      -0.11
1875      0.352
1876      0.256
1877      0.679
1878      0.363
1879     -0.072
1880     -1.531
1881      0.587
1882      0.669
1883      0.197
1884      0.632
1885      1.165
1886     -0.167
1887     -1.294
1888      1.433
1889      1.251
1890     -1.225
1891      0.554
1892     -0.015
1893     -1.656
1894     -0.271
1895      1.007
1896      0.228
1897       1.28
1898     -0.161
1899     -0.304
1900      0.876
1901       0.92
1902     -0.298
1903      1.209
1904      -1.24
1905      1.613
1906     -0.145
1907     -0.087
1908      0.257
1909     -0.772
1910     -0.811
1911      0.024
1912      1.356
1913      1.201
1914      0.651
1915      0.756
1916     -0.706
1917     -0.582
1918      -1.06
1919      1.582
1920       0.46
1921     -0.234
1922     -1.047
1923     -0.108
1924      0.076
1925     -2.043
1926      0.978
1927     -0.108
1928      0.043
1929     -0.775
1930      0.592
1931      1.385
1932      0.214
1933     -0.145
1934      -1.06
1935     -0.089
1936     -0.043
1937     -0.374
1938     -0.085
1939     -0.521
1940      0.616
1941      1.427
1942      0.767
1943     -0.665
1944      0.964
1945      0.352
1946     -0.651
1947      0.472
1948      0.489
1949      0.433
1950     -0.774
1951     -0.991
1952     -0.091
1953     -0.658
1954     -0.924
1955     -0.568
1956     -1.259
1957     -0.256
1958      1.478
1959      0.078
1960     -0.029
1961     -0.559
1962      0.376
1963      0.046
1964      0.557
1965      0.149
1966      0.614
1967     -0.618
1968      0.109
1969      0.888
1970     -0.283
1971     -1.862
1972     -0.973
1973      0.986
1974     -1.845
1975      -0.19
1976     -0.623
1977       0.68
1978      0.308
1979      1.236
1980      0.497
1981     -0.224
1982      0.337
1983      3.101
1984     -0.309
1985     -0.962
1986     -0.468
1987      1.192
1988      0.776
1989     -1.173
1990     -0.011
1991      0.254
1992      1.521
1993       0.22
1994      0.186
1995      0.985
1996     -0.473
1997     -0.543
1998      3.228
1999     -0.829
2000     -1.251
2001     -0.327
2002     -0.213
2003      0.993
2004      0.602
2005      0.481
2006     -0.653