# NINO3 index, SST anomalies in 5S-5N, 90W-150W
# 1856-1949: <a href=http://ingrid.ldgo.columbia.edu/SOURCES/.Indices/.nino/.KAPLAN/>Kaplan reconstruction</a>
# 1950-now: <a href=http://www.cpc.noaa.gov/data/indices/>CPC (Reynolds OI SST)</a>
# last updated: 2009-12-10
# SSTA [C]
 1856    0.58    0.66    0.52    0.46    0.53    0.48    0.45    0.40    0.32    0.04   -0.32   -0.66
 1857   -0.51   -0.55   -0.59   -0.45   -0.42   -0.35   -0.38   -0.44   -0.27   -0.40   -0.37   -0.12
 1858   -0.01   -0.05   -0.18   -0.27   -0.19   -0.08   -0.04    0.04   -0.05   -0.12   -0.20   -0.39
 1859   -0.43   -0.23   -0.08   -0.17    0.05    0.07    0.17    0.12   -0.03   -0.08   -0.19   -0.32
 1860   -0.71   -0.89   -0.88   -0.87   -0.69   -0.49   -0.39   -0.39   -0.42   -0.44   -0.79   -0.75
 1861   -0.51   -0.40   -0.59   -0.54   -0.56   -0.51   -0.42   -0.54   -0.66   -0.60   -0.57   -0.44
 1862   -0.44   -0.25    0.03    0.22    0.44    0.27    0.23    0.06   -0.36   -0.68   -1.05   -0.77
 1863   -0.47   -0.24   -0.22   -0.09   -0.04   -0.05    0.08    0.27    0.21    0.23    0.16    0.15
 1864   -0.04   -0.03    0.00    0.14    0.27    0.24    0.59    0.97    1.00    1.06    0.95    0.91
 1865    0.83    0.82    0.67    0.69    0.67    0.68    0.83    0.81    0.87    0.98    1.06    1.17
 1866    1.30    1.22    1.16    1.05    1.19    1.29    1.17    1.01    0.81    0.71    0.71    0.64
 1867    0.78    0.81    0.92    0.93    1.11    1.19    0.99    0.83    0.80    0.57    0.42    0.49
 1868    0.46    0.43    0.36    0.27    0.47    0.52    0.54    0.70    1.09    1.31    1.61    1.45
 1869    1.13    0.76    0.39    0.18   -0.03   -0.19   -0.30   -0.70   -1.22   -0.88   -0.80   -0.80
 1870   -0.97   -0.75   -0.43   -0.22   -0.37   -0.52   -0.67   -0.71   -0.69   -0.84   -0.93   -0.56
 1871   -0.36   -0.29   -0.14   -0.15   -0.27   -0.37   -0.27   -0.34   -0.18   -0.05   -0.01   -0.22
 1872   -0.51   -0.53   -0.55   -0.60   -0.65   -0.59   -0.51   -0.62   -1.01   -0.92   -0.87   -0.78
 1873   -0.73   -0.85   -0.83   -0.70   -0.45   -0.33   -0.15   -0.39   -0.36   -0.64   -1.02   -1.16
 1874   -0.98   -1.09   -0.97   -0.84   -0.75   -0.74   -0.85   -1.17   -1.01   -1.03   -1.24   -0.79
 1875   -0.50   -0.77   -0.47   -0.75   -0.61   -0.60   -0.42   -0.71   -0.59   -0.88   -0.80   -0.64
 1876   -0.94   -0.99   -0.95   -0.94   -0.49   -0.26   -0.02   -0.04   -0.07    0.46    0.44    0.40
 1877    0.69    0.64    0.78    1.15    1.14    1.70    1.86    2.15    2.49    2.53    2.62    2.77
 1878    2.71    2.49    2.06    1.62    1.42    1.19    0.88    0.43   -0.08   -0.35   -0.33   -0.38
 1879   -0.08    0.13   -0.04   -0.05   -0.06   -0.21   -0.34   -0.78   -0.52   -0.54   -0.66   -0.98
 1880   -1.14   -0.36   -0.17   -0.08   -0.12   -0.23   -0.41   -0.11    0.20    0.48    0.36    0.44
 1881    0.42    0.30    0.31    0.41    0.32    0.12   -0.04    0.09    0.01   -0.12   -0.32   -0.37
 1882   -0.44   -0.40   -0.26   -0.19   -0.31   -0.77   -0.92   -0.69   -0.39   -0.60   -0.71   -0.63
 1883   -0.59   -0.47   -0.06    0.13    0.14    0.19    0.23    0.21    0.09   -0.10    0.05   -0.17
 1884   -0.27   -0.25    0.10    0.52    0.46    0.26    0.29    0.47    0.43    0.76    0.75    0.87
 1885    0.73    0.29    0.42    0.38    0.17    0.13   -0.04    0.17    0.56    0.74    0.79    0.64
 1886    0.07   -0.41   -0.31   -0.33   -0.53   -0.96   -0.93   -0.87   -0.66   -0.94   -0.91   -1.12
 1887   -0.93   -0.87   -0.67   -0.56   -0.15   -0.02    0.00   -0.33   -0.01    0.00    0.20    0.29
 1888    0.51    0.67    0.59    0.48    0.87    0.87    0.90    0.93    1.49    1.80    1.98    2.13
 1889    2.08    1.61    1.29    0.97    0.73    0.21   -0.27   -0.95   -0.73   -1.06   -1.15   -1.11
 1890   -1.39   -0.84   -0.84   -0.56   -0.44   -0.57   -0.62   -0.69   -0.63   -0.97   -0.86   -0.22
 1891    0.01    0.20    0.15    0.53    0.66    0.60    0.47    0.34   -0.08    0.08    0.16   -0.01
 1892    0.02   -0.04   -0.13   -0.38   -0.43   -0.68   -0.82   -0.96   -1.27   -1.72   -1.54   -1.37
 1893   -1.34   -1.47   -1.12   -1.09   -1.16   -1.08   -0.87   -0.81   -0.80   -0.80   -0.79   -0.61
 1894   -0.72   -0.70   -0.74   -0.54   -0.56   -0.25   -0.12   -0.35   -0.19   -0.31   -0.26   -0.44
 1895   -0.30   -0.33   -0.04    0.12    0.21    0.07    0.03    0.19    0.53    0.49    0.80    0.65
 1896    0.50    0.40    0.43    0.39    0.36    0.48    0.82    1.33    1.17    1.30    1.75    2.12
 1897    1.83    1.49    0.88    0.43    0.21    0.10    0.05   -0.18   -0.03   -0.23   -0.44   -0.40
 1898   -0.29   -0.43   -0.49   -0.13   -0.18   -0.24   -0.39   -0.53   -0.49   -0.55   -0.70   -0.72
 1899   -0.57   -0.38   -0.11    0.29    0.54    0.60    0.76    1.06    1.13    1.30    1.33    1.54
 1900    1.43    1.35    1.04    1.03    0.96    0.85    0.77    0.62    0.50    0.51    0.30    0.51
 1901    0.33    0.14   -0.11    0.01   -0.10   -0.24   -0.39   -0.31   -0.28   -0.10   -0.09    0.00
 1902    0.26    0.41    0.49    0.64    0.89    1.18    1.55    1.60    1.63    1.55    1.78    1.55
 1903    1.13    0.85    0.59    0.24   -0.02   -0.30   -0.42   -0.49   -0.57   -0.60   -0.77   -0.98
 1904   -0.64   -0.43   -0.26    0.01    0.25    0.35    0.63    0.71    0.53    0.71    0.76    0.93
 1905    1.02    0.89    1.03    1.16    1.54    1.60    1.51    1.49    1.68    1.57    1.52    1.51
 1906    1.36    0.93    0.48    0.60    0.16    0.05   -0.24   -0.78   -0.50   -0.56   -0.58   -0.42
 1907   -0.41   -0.38   -0.18    0.03    0.20    0.42    0.41    0.17    0.09   -0.01   -0.23    0.17
 1908   -0.08   -0.11   -0.33   -0.59   -0.53   -0.40   -0.63   -0.45   -0.60   -0.67   -0.84   -1.08
 1909   -0.83   -0.67   -0.51   -0.39   -0.33   -0.43   -0.43   -0.44   -0.59   -0.93   -1.23   -1.03
 1910   -0.91   -0.98   -0.97   -1.15   -1.00   -0.65   -0.61   -0.90   -0.56   -0.60   -0.62   -0.52
 1911   -0.50   -0.84   -0.78   -0.66   -0.21    0.13    0.35    0.56    0.72    0.98    1.26    1.55
 1912    1.39    1.14    0.81    0.75    0.47    0.20   -0.16   -0.29   -0.15   -0.02    0.03   -0.03
 1913    0.34    0.38   -0.05   -0.24   -0.15    0.10    0.28    0.38    0.47    0.61    0.83    1.06
 1914    1.06    0.71    0.71    1.00    0.81    0.50    0.70    1.03    1.06    1.20    1.36    1.46
 1915    1.51    1.50    1.47    1.34    1.32    1.22    1.07    0.57    0.25    0.12   -0.06   -0.32
 1916   -0.53   -0.60   -0.58   -0.64   -0.82   -0.91   -0.93   -1.30   -1.21   -1.11   -1.21   -1.28
 1917   -1.41   -1.19   -1.31   -0.62   -0.29    0.11    0.11   -0.18   -0.43   -0.77   -1.04   -1.10
 1918   -1.10   -0.78   -0.30    0.10    0.56    0.84    1.06    1.17    1.42    1.76    1.93    1.80
 1919    1.73    1.56    1.31    1.16    0.89    0.60    0.39    0.61    0.60    0.49    0.59    0.95
 1920    1.11    1.14    0.95    0.96    1.02    0.74    0.28    0.16    0.14   -0.11   -0.14   -0.06
 1921   -0.19   -0.57   -1.29   -0.56   -0.25   -0.12   -0.11   -0.19   -0.07   -0.09   -0.17   -0.34
 1922   -0.43    0.22    0.35    0.21    0.18   -0.10   -0.62   -1.32   -0.95   -0.64   -0.54   -0.49
 1923   -0.41   -0.21    0.02    0.33    0.68    0.76    0.57    0.85    0.77    0.58    0.95    1.03
 1924    0.76    0.69    0.67    0.15   -0.50   -0.74   -0.77   -0.85   -0.84   -0.67   -0.80   -0.69
 1925   -1.08   -0.45    0.13    0.47    0.32    0.57    0.83    0.92    0.90    0.82    1.44    1.62
 1926    1.50    1.12    1.22    1.20    0.88    0.52    0.61    0.33   -0.12   -0.11    0.04   -0.01
 1927   -0.06    0.50    0.15   -0.09    0.17    0.13   -0.30   -0.15    0.17    0.38    0.34    0.18
 1928   -0.02   -0.05   -0.01    0.16    0.42    0.00    0.03    0.04    0.07   -0.18   -0.24   -0.19
 1929   -0.28    0.09    0.08    0.35    0.36    0.41    0.30    0.45    0.56    0.53    0.78    0.54
 1930    0.15    0.00    0.19    0.69    0.38    0.44    1.20    1.20    1.30    1.55    2.14    1.92
 1931    1.94    1.57    1.21    1.13    0.71    0.24    0.01   -0.31   -0.60   -0.67   -0.60   -0.43
 1932   -0.22    0.04    0.44    0.50    0.70    0.59    0.21   -0.09    0.03    0.01    0.08   -0.12
 1933   -0.27    0.15    0.19    0.19   -0.29   -0.52   -0.56   -0.88   -0.84   -0.90   -1.06   -0.89
 1934   -0.47   -0.43   -0.51    0.19    0.15    0.32    0.12    0.21    0.12   -0.13    0.09   -0.21
 1935   -0.51   -0.57   -0.37   -0.24   -0.22   -0.10   -0.18    0.35    0.28    0.29    0.18    0.05
 1936    0.31    0.30    0.03    0.22    0.14   -0.26   -0.15   -0.08    0.01    0.40    0.21    0.13
 1937    0.12    0.16    0.23    0.46   -0.18   -0.35   -0.29   -0.41    0.02   -0.22   -0.26   -0.39
 1938   -0.49   -0.47   -0.41   -0.32   -0.47   -0.83   -1.14   -0.89   -0.72   -0.61   -0.88   -0.81
 1939   -0.77   -0.82   -0.60   -0.09    0.06    0.14    0.09    0.24    0.00   -0.10    0.25    0.61
 1940    0.93    1.16    1.63    1.51    1.35    0.94    0.77    0.66    0.55    0.56    0.99    1.37
 1941    1.95    2.05    2.08    2.10    1.88    1.59    0.66    0.46    0.61    0.96    1.71    1.84
 1942    0.91    0.40    0.19    0.29    0.11   -0.54   -0.92   -1.45   -1.47   -1.70   -1.70   -1.44
 1943   -1.31   -1.30   -0.83   -0.37    0.37    0.38    0.27    0.02   -0.44   -0.41   -0.35   -0.40
 1944   -0.54    0.20    0.01    0.03    0.18    0.33    0.18    0.07   -0.43   -0.47   -0.78   -0.59
 1945   -0.63   -0.31   -0.43   -0.06    0.20    0.06   -0.37   -0.22   -0.19   -0.17   -0.12    0.04
 1946   -0.07   -0.26   -0.45   -0.37   -0.15   -0.30   -0.20   -1.17   -0.53   -0.24    0.01   -0.04
 1947    0.09    0.01    0.10    0.07    0.14    0.18    0.05   -0.25   -0.45   -0.42   -0.32   -0.12
 1948   -0.19    0.26    0.43    0.13    0.13   -0.04   -0.36   -0.30   -0.52   -0.79   -0.34   -0.15
 1949   -0.38    0.12   -0.42    0.37    0.30   -0.48   -0.81   -0.65   -0.93   -1.08   -1.51   -1.29
 1950   -1.64   -1.85   -0.43   -0.76   -1.14   -0.74   -0.41   -0.44   -0.71   -0.57   -1.15   -0.64
 1951   -0.51    0.20   -0.50    0.27   -0.02    0.09    0.96    1.01    0.62    0.99    1.01    0.91
 1952    0.29    0.34   -0.14    0.16   -0.42   -0.62   -0.46   -0.10   -0.24   -0.27   -0.42   -0.63
 1953    0.30    0.45    0.32    0.82    0.38    0.53    0.46    0.17    0.86    0.24    0.32    0.27
 1954    0.15    0.04   -0.03   -1.15   -1.04   -1.04   -1.12   -1.22   -1.08   -1.07   -0.89   -0.95
 1955   -1.03   -0.10   -0.81   -0.51   -1.48   -1.06   -0.66   -0.76   -1.73   -1.67   -2.25   -1.48
 1956   -1.33   -0.41   -0.60   -0.51   -0.41   -0.34   -0.65   -0.73   -0.95   -0.46   -1.06   -0.71
 1957   -0.81    0.05    0.26    0.53    0.49    0.85    1.00    1.39    0.48    0.71    1.24    1.60
 1958    1.48    1.01    0.69    0.33   -0.03    0.22    0.15    0.14   -0.62   -0.30   -0.17    0.05
 1959   -0.11    0.07   -0.29    0.17   -0.12   -0.34   -0.63   -0.63   -0.57   -0.16   -0.19   -0.18
 1960   -0.08   -0.44   -0.13   -0.09   -0.43   -0.41   -0.22   -0.06   -0.01   -0.64   -0.83   -0.43
 1961   -0.51    0.06   -0.21    0.14   -0.14    0.25   -0.76   -0.69   -1.22   -0.92   -0.60   -0.22
 1962   -0.27   -0.25   -0.57   -0.80   -0.81   -0.41   -0.28   -0.02   -0.62   -0.62   -0.85   -0.93
 1963   -0.56   -0.55   -0.14    0.18   -0.10    0.30    0.85    0.90    0.61    0.67    0.80    0.97
 1964    0.40   -0.02   -0.43   -0.98   -1.66   -1.33   -0.70   -1.14   -0.89   -0.76   -1.07   -1.39
 1965   -0.82   -0.27   -0.12    0.27    0.55    0.82    1.16    1.25    1.20    1.29    1.43    1.55
 1966    1.17    0.53    0.03    0.13   -0.84   -0.17   -0.09   -0.30   -0.66   -0.39   -0.71   -0.79
 1967   -0.49   -0.14   -0.67   -0.88   -0.30    0.17   -0.45   -0.72   -1.17   -1.09   -0.97   -0.87
 1968   -1.12   -1.45   -1.15   -0.70   -0.93   -0.22    0.32    0.31    0.12    0.23    0.37    0.64
 1969    0.76    0.39    0.61    0.49    0.96    0.72    0.22    0.55    0.61    0.77    0.78    1.18
 1970    0.92    0.21   -0.15    0.06   -0.69   -1.00   -1.71   -1.40   -1.26   -1.21   -1.54   -1.68
 1971   -1.26   -1.41   -0.92   -0.71   -0.68   -0.66   -0.47   -0.81   -0.89   -0.98   -1.05   -1.14
 1972   -0.49   -0.16   -0.11    0.51    0.60    1.04    1.45    1.92    1.52    1.91    2.16    2.42
 1973    1.76    1.03    0.28   -0.52   -0.94   -1.04   -1.20   -1.30   -1.23   -1.32   -1.48   -1.54
 1974   -1.64   -1.20   -0.70   -0.58   -0.57   -0.22   -0.08   -0.18   -0.47   -0.74   -0.90   -0.85
 1975   -0.44   -0.63   -0.52   -0.29   -1.06   -1.13   -0.81   -0.81   -1.14   -1.49   -1.23   -1.71
 1976   -1.78   -0.97   -0.59   -0.50   -0.17    0.51    0.65    0.84    0.95    0.95    0.85    0.77
 1977    0.86    0.46    0.33   -0.40   -0.11    0.08   -0.09   -0.38   -0.13    0.37    0.40    0.25
 1978    0.37   -0.10   -0.14   -0.73   -0.83   -0.76   -0.65   -0.60   -0.57   -0.31   -0.15    0.27
 1979   -0.21   -0.09    0.19    0.22    0.11    0.38   -0.12    0.07    1.00    0.37    0.30    0.40
 1980    0.45    0.18   -0.17   -0.03    0.07    0.50    0.00   -0.26    0.12   -0.23    0.16    0.48
 1981   -0.56   -0.76   -0.29   -0.46   -0.32   -0.14   -0.50   -0.93   -0.16    0.04   -0.17    0.36
 1982    0.26    0.02   -0.11    0.28    0.73    1.09    0.86    1.20    1.69    2.22    2.66    3.31
 1983    3.30    2.56    2.01    1.71    1.91    1.78    1.04    0.92    0.41   -0.28   -0.79   -0.65
 1984   -0.79   -0.14    0.03   -0.06   -0.60   -0.99   -0.62   -0.46   -0.48   -0.94   -0.92   -1.38
 1985   -1.10   -1.16   -0.97   -0.88   -0.94   -0.77   -0.84   -0.55   -0.67   -0.74   -0.67   -0.79
 1986   -0.88   -0.54   -0.24   -0.23   -0.38   -0.07    0.12    0.07    0.42    0.73    0.96    0.77
 1987    1.07    1.06    1.11    1.09    1.16    1.34    1.49    1.57    1.74    1.32    1.17    1.11
 1988    0.51    0.19    0.05   -0.67   -1.84   -1.91   -1.87   -1.58   -1.22   -1.72   -1.93   -2.02
 1989   -1.46   -0.75   -1.07   -0.74   -0.68   -0.29   -0.30   -0.39   -0.38   -0.40   -0.40   -0.37
 1990   -0.27    0.01   -0.06    0.26    0.29    0.08   -0.13    0.11    0.02    0.01   -0.13    0.00
 1991    0.03   -0.09   -0.09   -0.09    0.52    0.97    0.99    0.52    0.22    0.71    1.03    1.44
 1992    1.39    1.31    1.24    1.31    1.37    0.28   -0.05   -0.25   -0.31   -0.27   -0.17   -0.08
 1993   -0.05    0.25    0.46    1.04    1.10    0.74    0.19   -0.02    0.14    0.33    0.21    0.23
 1994    0.09   -0.29   -0.20   -0.35   -0.09    0.13   -0.39   -0.24   -0.02    0.65    0.92    0.98
 1995    0.73    0.51   -0.01   -0.30   -0.66   -0.18   -0.17   -0.62   -0.81   -0.88   -0.93   -0.89
 1996   -0.65   -0.64   -0.38   -0.68   -0.73   -0.49   -0.23   -0.35   -0.46   -0.52   -0.57   -0.88
 1997   -0.91   -0.61   -0.11    0.18    1.00    1.76    2.43    2.89    3.01    3.29    3.59    3.68
 1998    3.32    2.57    2.05    1.68    1.11   -0.37   -0.35   -0.33   -0.64   -0.83   -0.85   -1.22
 1999   -1.21   -0.79   -0.41   -0.74   -0.61   -0.78   -0.73   -0.93   -1.10   -1.14   -1.50   -1.54
 2000   -1.73   -1.05   -0.47    0.06   -0.26   -0.54   -0.45   -0.49   -0.48   -0.49   -0.79   -0.66
 2001   -0.63   -0.30    0.14    0.12   -0.17   -0.03   -0.14   -0.24   -0.57   -0.45   -0.61   -0.48
 2002   -0.53   -0.15    0.14    0.16    0.19    0.68    0.46    0.51    0.70    0.95    1.41    1.40
 2003    0.76    0.34    0.19   -0.25   -0.92   -0.54    0.17    0.08    0.14    0.43    0.45    0.47
 2004    0.30    0.10    0.08   -0.03   -0.34   -0.11   -0.17    0.09    0.33    0.43    0.51    0.68
 2005    0.27   -0.16   -0.07    0.37    0.42    0.43    0.35    0.23   -0.27   -0.21   -0.68   -0.81
 2006   -0.62   -0.28   -0.55   -0.15   -0.02    0.06    0.22    0.49    0.91    1.07    1.12    1.28
 2007    0.88    0.09   -0.30   -0.27   -0.70   -0.55   -0.79   -1.10   -1.31   -1.54   -1.78   -1.50
 2008   -1.49   -1.31   -0.53   -0.22    0.02    0.15    0.55    0.67    0.26   -0.10   -0.20   -0.49
 2009   -0.59   -0.51   -0.64   -0.01    0.35    0.74    0.99    0.98    0.82    0.83    1.28 -999.90
