762	16360000
763	13190000
764	12140000
765	12690000
766	16660000
767	14380000
768	16550000
769	16480000
770	13490000
771	14010000
772	18110000
773	15890000
774	12320000
775	15030000
776	19110000
777	16880000
778	15420000
779	14500000
780	17180000
781	13420000
782	16320000
783	18150000
784	24310000
785	17920000
786	8760000
787	15620000
788	17230000
789	17100000
790	14330000
791	13370000
792	10660000
793	13520000
794	11760000
795	18340000
796	18020000
797	11010000
798	15940000
799	12210000
800	17260000
801	21160000
802	20100000
803	21100000
804	17060000
805	13350000
806	12960000
807	11330000
808	14090000
809	10410000
810	18500000
811	18470000
812	14240000
813	15620000
814	14160000
815	8280000
816	15710000
817	12950000
818	10920000
819	8310000
820	19630000
821	19860000
822	13060000
823	4860000
824	11690000
825	12040000
826	15760000
827	12800000
828	12230000
829	11530000
830	10420000
831	15140000
832	16930000
833	15020000
834	12340000
835	9840000
836	15110000
837	16850000
838	16260000
839	12190000
840	8890000
841	12810000
842	14200000
843	16740000
844	16900000
845	14190000
846	14100000
847	12500000
848	10490000
849	11760000
850	19030000
851	16340000
852	13480000
853	15370000
854	17130000
855	14640000
856	12470000
857	15170000
858	17960000
859	15210000
860	10730000
861	13230000
862	12760000
863	12190000
864	14670000
865	14260000
866	12750000
867	9350000
868	15140000
869	14800000
870	15030000
871	14320000
872	13730000
873	9960000
874	7490000
875	10260000
876	16810000
877	17790000
878	13410000
879	14150000
880	12480000
881	13920000
882	14010000
883	11450000
884	9270000
885	15340000
886	18820000
887	20640000
888	16980000
889	11280000
890	13520000
891	9480000
892	15320000
893	16150000
894	16950000
895	16980000
896	19950000
897	13980000
898	13190000
899	19610000
900	15190000
901	12670000
902	11710000
903	10930000
904	12980000
905	15950000
906	9960000
907	11490000
908	17580000
909	13320000
910	12090000
911	17920000
912	17790000
913	14850000
914	15060000
915	12890000
916	13320000
917	14940000
918	15660000
919	15250000
920	9500000
921	19110000
922	15910000
923	16090000
924	8210000
925	13790000
926	19990000
927	17800000
928	17000000
929	18800000
930	12160000
931	17960000
932	17050000
933	12160000
934	11150000
935	16800000
936	14430000
937	14060000
938	16630000
939	10040000
940	15920000
941	12730000
942	16150000
943	15640000
944	11290000
945	16340000
946	22510000
947	16810000
948	15430000
949	13020000
950	16090000
951	14410000
952	14060000
953	8620000
954	12270000
955	13970000
956	12160000
957	10130000
958	15730000
959	16290000
960	16610000
961	13180000
962	15880000
963	14910000
964	15390000
965	17740000
966	18830000
967	14810000
968	12060000
969	16570000
970	14120000
971	10790000
972	12160000
973	19430000
974	18260000
975	12280000
976	12140000
977	13310000
978	12050000
979	10200000
980	9320000
981	10770000
982	14330000
983	13260000
984	12550000
985	16920000
986	16440000
987	20230000
988	21210000
989	23290000
990	16480000
991	10080000
992	9670000
993	6590000
994	18070000
995	19890000
996	21060000
997	17220000
998	15360000
999	16540000
1000	14880000
1001	10500000
1002	11980000
1003	12770000
1004	13990000
1005	9460000
1006	14780000
1007	20680000
1008	17500000
1009	12310000
1010	9290000
1011	13710000
1012	10260000
1013	13820000
1014	14490000
1015	16750000
1016	17670000
1017	17640000
1018	10390000
1019	9410000
1020	18110000
1021	18120000
1022	15090000
1023	12840000
1024	18890000
1025	18160000
1026	14220000
1027	13670000
1028	12400000
1029	13100000
1030	17370000
1031	15110000
1032	13410000
1033	15640000
1034	19150000
1035	12510000
1036	11830000
1037	14950000
1038	11930000
1039	12700000
1040	11390000
1041	11180000
1042	14350000
1043	10460000
1044	14070000
1045	15520000
1046	13540000
1047	18060000
1048	14640000
1049	12990000
1050	15670000
1051	16670000
1052	16420000
1053	14840000
1054	17770000
1055	10110000
1056	15170000
1057	15860000
1058	15870000
1059	12020000
1060	13670000
1061	12900000
1062	13530000
1063	18470000
1064	19340000
1065	19620000
1066	11550000
1067	8830000
1068	8820000
1069	15460000
1070	13530000
1071	11510000
1072	11760000
1073	13980000
1074	13800000
1075	13500000
1076	14970000
1077	17860000
1078	17230000
1079	18600000
1080	19730000
1081	15380000
1082	17840000
1083	17090000
1084	19770000
1085	12380000
1086	11640000
1087	21750000
1088	18770000
1089	12180000
1090	6670000
1091	14990000
1092	14160000
1093	14630000
1094	13170000
1095	15570000
1096	17210000
1097	12530000
1098	11050000
1099	14270000
1100	13240000
1101	13670000
1102	19400000
1103	18240000
1104	12600000
1105	12880000
1106	13870000
1107	14980000
1108	12610000
1109	13990000
1110	17280000
1111	14690000
1112	16380000
1113	16750000
1114	14630000
1115	22030000
1116	22730000
1117	24190000
1118	15200000
1119	17340000
1120	16070000
1121	11260000
1122	12130000
1123	12700000
1124	11700000
1125	10740000
1126	9750000
1127	15500000
1128	18580000
1129	18490000
1130	10660000
1131	9560000
1132	11700000
1133	16550000
1134	13820000
1135	14060000
1136	14710000
1137	15880000
1138	10790000
1139	12420000
1140	10780000
1141	13920000
1142	15800000
1143	14720000
1144	14230000
1145	14790000
1146	12970000
1147	9130000
1148	10260000
1149	11230000
1150	9610000
1151	12000000
1152	12470000
1153	12440000
1154	11030000
1155	14020000
1156	15140000
1157	12010000
1158	12100000
1159	16230000
1160	17010000
1161	13810000
1162	14240000
1163	17940000
1164	15130000
1165	11530000
1166	10500000
1167	12920000
1168	12730000
1169	12930000
1170	14400000
1171	13030000
1172	13990000
1173	15150000
1174	13700000
1175	11930000
1176	12340000
1177	13200000
1178	16470000
1179	18120000
1180	23350000
1181	22440000
1182	16100000
1183	16220000
1184	22140000
1185	15210000
1186	12760000
1187	15030000
1188	17250000
1189	15510000
1190	17170000
1191	15730000
1192	21010000
1193	15590000
1194	13410000
1195	15460000
1196	16840000
1197	18170000
1198	12040000
1199	12660000
1200	11300000
1201	13350000
1202	12780000
1203	18440000
1204	19020000
1205	15380000
1206	14810000
1207	13750000
1208	15080000
1209	19960000
1210	16840000
1211	18790000
1212	13890000
1213	16540000
1214	16130000
1215	15250000
1216	11740000
1217	7000000
1218	12870000
1219	20040000
1220	16760000
1221	15540000
1222	14940000
1223	13770000
1224	13560000
1225	14870000
1226	19490000
1227	12010000
1228	17850000
1229	17240000
1230	13060000
1231	18380000
1232	14710000
1233	11070000
1234	9430000
1235	15380000
1236	10020000
1237	14070000
1238	19050000
1239	15780000
1240	15030000
1241	19900000
1242	19390000
1243	14310000
1244	14330000
1245	9080000
1246	12590000
1247	12640000
1248	17970000
1249	18090000
1250	13080000
1251	6280000
1252	13660000
1253	13190000
1254	9160000
1255	15770000
1256	18640000
1257	15200000
1258	4320000
1259	18010000
1260	19600000
1261	16180000
1262	11900000
1263	11500000
1264	11210000
1265	14970000
1266	14310000
1267	17370000
1268	18900000
1269	19300000
1270	12310000
1271	17310000
1272	18290000
1273	11820000
1274	7000000
1275	18540000
1276	13560000
1277	12790000
1278	14110000
1279	9130000
1280	4670000
1281	13540000
1282	15560000
1283	10280000
1284	17320000
1285	11360000
1286	9210000
1287	15870000
1288	12170000
1289	14350000
1290	21150000
1291	14100000
1292	12680000
1293	13150000
1294	12130000
1295	9510000
1296	15550000
1297	13560000
1298	20440000
1299	15840000
1300	13550000
1301	18330000
1302	18740000
1303	17790000
1304	15050000
1305	16300000
1306	12380000
1307	3710000
1308	13270000
1309	21130000
1310	21620000
1311	14390000
1312	17660000
1313	20410000
1314	17010000
1315	14330000
1316	5100000
1317	8800000
1318	14000000
1319	16580000
1320	18190000
1321	17210000
1322	11840000
1323	7790000
1324	14600000
1325	21590000
1326	23870000
1327	16580000
1328	11210000
1329	9580000
1330	22230000
1331	20990000
1332	20200000
1333	21780000
1334	15410000
1335	12420000
1336	12680000
1337	17220000
1338	12880000
1339	14950000
1340	12370000
1341	14360000
1342	16120000
1343	14600000
1344	17990000
1345	15640000
1346	14190000
1347	13950000
1348	13110000
1349	12250000
1350	7970000
1351	15210000
1352	15520000
1353	21210000
1354	18820000
1355	12880000
1356	19800000
1357	21600000
1358	17590000
1359	13060000
1360	7320000
1361	10160000
1362	10850000
1363	13890000
1364	12320000
1365	16500000
1366	18610000
1367	17820000
1368	19540000
1369	15430000
1370	17100000
1371	18010000
1372	18190000
1373	16430000
1374	15540000
1375	10500000
1376	10880000
1377	17770000
1378	17870000
1379	13840000
1380	18130000
1381	13490000
1382	16830000
1383	19660000
1384	17270000
1385	16150000
1386	15100000
1387	16540000
1388	13660000
1389	7430000
1390	11410000
1391	13910000
1392	13240000
1393	14920000
1394	16880000
1395	16510000
1396	16130000
1397	9880000
1398	11450000
1399	8220000
1400	12880000
1401	17480000
1402	12150000
1403	13940000
1404	17630000
1405	13850000
1406	15460000
1407	14370000
1408	16530000
1409	20380000
1410	14910000
1411	12300000
1412	17340000
1413	10830000
1414	19790000
1415	10100000
1416	10030000
1417	13300000
1418	13880000
1419	13950000
1420	14890000
1421	11440000
1422	15840000
1423	13960000
1424	13330000
1425	11080000
1426	17540000
1427	15340000
1428	14440000
1429	16560000
1430	17620000
1431	18980000
1432	16940000
1433	14530000
1434	15850000
1435	15130000
1436	16310000
1437	13470000
1438	10790000
1439	10550000
1440	18050000
1441	20190000
1442	10060000
1443	14430000
1444	13010000
1445	9960000
1446	11420000
1447	16160000
1448	14370000
1449	14510000
1450	9410000
1451	18130000
1452	16920000
1453	14300000
1454	9360000
1455	7070000
1456	12250000
1457	14980000
1458	16580000
1459	13540000
1460	7500000
1461	10310000
1462	19450000
1463	17610000
1464	13450000
1465	9220000
1466	17480000
1467	21430000
1468	18230000
1469	15150000
1470	14230000
1471	9890000
1472	9720000
1473	11770000
1474	13640000
1475	11740000
1476	17790000
1477	18910000
1478	16940000
1479	13140000
1480	11080000
1481	14400000
1482	18070000
1483	16340000
1484	23470000
1485	19220000
1486	17470000
1487	15130000
1488	15270000
1489	19160000
1490	19990000
1491	20590000
1492	14640000
1493	13440000
1494	17070000
1495	7600000
1496	5920000
1497	14970000
1498	19300000
1499	9880000
1500	6610000
1501	11690000
1502	15730000
1503	14840000
1504	15210000
1505	9420000
1506	6280000
1507	12860000
1508	16830000
1509	18750000
1510	11740000
1511	15910000
1512	16030000
1513	16090000
1514	19110000
1515	11750000
1516	10440000
1517	15070000
1518	13230000
1519	16050000
1520	15000000
1521	19940000
1522	12390000
1523	18080000
1524	16390000
1525	15100000
1526	18240000
1527	17530000
1528	13180000
1529	15170000
1530	15380000
1531	7980000
1532	5770000
1533	15840000
1534	17140000
1535	17320000
1536	19770000
1537	17230000
1538	10850000
1539	15300000
1540	18280000
1541	16090000
1542	5940000
1543	13650000
1544	11420000
1545	10880000
1546	16990000
1547	16610000
1548	17100000
1549	20320000
1550	18140000
1551	12340000
1552	15010000
1553	21120000
1554	14870000
1555	14600000
1556	16010000
1557	18690000
1558	9370000
1559	12470000
1560	17520000
1561	13610000
1562	10860000
1563	14160000
1564	18930000
1565	17460000
1566	12330000
1567	12590000
1568	14370000
1569	14450000
1570	17670000
1571	14860000
1572	15810000
1573	11200000
1574	9020000
1575	15160000
1576	13430000
1577	17430000
1578	16930000
1579	12200000
1580	6550000
1581	12460000
1582	15390000
1583	11530000
1584	5070000
1585	11160000
1586	16800000
1587	14050000
1588	16570000
1589	15900000
1590	8230000
1591	9350000
1592	10740000
1593	14650000
1594	17600000
1595	18050000
1596	18500000
1597	13190000
1598	6930000
1599	16720000
1600	8960000
1601	16260000
1602	16790000
1603	17380000
1604	20770000
1605	20360000
1606	17930000
1607	8620000
1608	16330000
1609	17230000
1610	20450000
1611	17770000
1612	13560000
1613	17830000
1614	18960000
1615	18970000
1616	17390000
1617	19240000
1618	18340000
1619	15760000
1620	16280000
1621	19230000
1622	12850000
1623	11380000
1624	10010000
1625	8560000
1626	10720000
1627	16420000
1628	17160000
1629	13420000
1630	13210000
1631	9950000
1632	10360000
1633	17560000
1634	14880000
1635	13910000
1636	13460000
1637	12850000
1638	13030000
1639	17250000
1640	17340000
1641	15640000
1642	16140000
1643	15730000
1644	14370000
1645	10660000
1646	11830000
1647	16730000
1648	13310000
1649	20810000
1650	19370000
1651	18240000
1652	14110000
1653	9960000
1654	5700000
1655	20750000
1656	15760000
1657	15670000
1658	12450000
1659	14150000
1660	15540000
1661	13960000
1662	14680000
1663	12940000
1664	9510000
1665	14800000
1666	11300000
1667	9810000
1668	11290000
1669	17500000
1670	10790000
1671	9020000
1672	17210000
1673	17910000
1674	18180000
1675	13840000
1676	16960000
1677	16500000
1678	22010000
1679	16250000
1680	19620000
1681	17760000
1682	14270000
1683	19090000
1684	10690000
1685	2320000
1686	9840000
1687	15620000
1688	17360000
1689	16350000
1690	16800000
1691	17440000
1692	13840000
1693	16680000
1694	13120000
1695	13350000
1696	14510000
1697	16420000
1698	18560000
1699	16350000
1700	13430000
1701	18310000
1702	17600000
1703	13490000
1704	9760000
1705	15150000
1706	11020000
1707	10840000
1708	11700000
1709	16120000
1710	16430000
1711	15860000
1712	16980000
1713	13150000
1714	8620000
1715	16760000
1716	15160000
1717	14040000
1718	16010000
1719	19530000
1720	23130000
1721	12390000
1722	6950000
1723	13300000
1724	16430000
1725	20990000
1726	23450000
1727	17420000
1728	10790000
1729	7210000
1730	12830000
1731	15040000
1732	14820000
1733	16070000
1734	19150000
1735	7890000
1736	7850000
1737	12610000
1738	19030000
1739	17020000
1740	10440000
1741	16650000
1742	17410000
1743	18600000
1744	13130000
1745	16210000
1746	20560000
1747	21190000
1748	8580000
1749	17430000
1750	12590000
1751	14030000
1752	12160000
1753	17390000
1754	15390000
1755	12520000
1756	8650000
1757	10510000
1758	14490000
1759	11710000
1760	18090000
1761	17840000
1762	18690000
1763	11130000
1764	16420000
1765	10440000
1766	14950000
1767	10950000
1768	20610000
1769	18780000
1770	14270000
1771	17740000
1772	11960000
1773	6340000
1774	12380000
1775	16050000
1776	13270000
1777	9760000
1778	11320000
1779	14350000
1780	12420000
1781	13210000
1782	11550000
1783	16540000
1784	19080000
1785	18080000
1786	10850000
1787	16330000
1788	13110000
1789	9860000
1790	18840000
1791	19580000
1792	19700000
1793	14340000
1794	13950000
1795	12960000
1796	15730000
1797	19170000
1798	7500000
1799	16000000
1800	16020000
1801	13800000
1802	17070000
1803	12350000
1804	10650000
1805	12230000
1806	11860000
1807	15260000
1808	14390000
1809	12680000
1810	13990000
1811	18990000
1812	17170000
1813	9350000
1814	11010000
1815	17260000
1816	20880000
1817	18290000
1818	12890000
1819	12070000
1820	11330000
1821	15660000
1822	12150000
1823	13060000
1824	9010000
1825	13050000
1826	18470000
1827	15930000
1828	18930000
1829	10210000
1830	11890000
1831	16940000
1832	18810000
1833	15970000
1834	11160000
1835	14830000
1836	17000000
1837	22500000
1838	20960000
1839	19490000
1840	20080000
1841	19450000
1842	12030000
1843	18960000
1844	14690000
1845	4810000
1846	8710000
1847	8540000
1848	17180000
1849	23350000
1850	18360000
1851	4030000
1852	16440000
1853	20110000
1854	14850000
1855	9670000
1856	16950000
1857	13600000
1858	17610000
1859	15060000
1860	15550000
1861	7480000
1862	20190000
1863	14580000
1864	12330000
1865	16550000
1866	22520000
1867	23420000
1868	18440000
1869	15940000
1870	12800000
1871	8560000
1872	16380000
1873	14820000
1874	11660000
1875	13150000
1876	15120000
1877	13110000
1878	12710000
1879	7800000
1880	13610000
1881	12330000
1882	10010000
1883	11670000
1884	17930000
1885	17840000
1886	14150000
1887	9180000
1888	13940000
1889	12790000
1890	15430000
1891	16090000
1892	15140000
1893	11150000
1894	12310000
1895	16060000
1896	9050000
1897	17140000
1898	15890000
1899	11770000
1900	11560000
1901	10990000
1902	6230000
1903	15240000
1904	12580000
1905	16880000
1906	18010000
1907	17490000
1908	12900000
1909	17870000
1910	16220000
1911	16280000
1912	18710000
1913	13680000
1914	18910000
1915	16240000
1916	18270000
1917	21710000
1918	14060000
1919	13510000
1920	19670000
1921	21960000
1922	16390000
1923	16350000
1924	15870000
1925	11330000
1926	17310000
1927	17740000
1928	17710000
1929	15780000
1930	15090000
1931	12960000
1932	17140000
1933	13580000
1934	7220000
1935	13930000
1936	12680000
1937	15440000
1938	18280000
1939	15290000
1940	13700000
1941	19550000
1942	20820000
1943	14970000
1944	13120000
1945	10830000
1946	9280000
1947	15900000
1948	17070000
1949	18500000
1950	12280000
1951	10210000
1952	17830000
1953	12600000
1954	6970000
1955	15610000
1956	12610000
1957	18290000
1958	16880000
1959	8020000
1960	13370000
1961	11290000
1962	17030000
1963	11260000
1964	12950000
1965	18850000
1966	14930000
1967	12810000
1968	12930000
1969	16560000
1970	16200000
1971	12450000
1972	11800000
1973	20320000
1974	16060000
1975	15670000
1976	10330000
1977	3600000
1978	17680000
1979	19870000
1980	16040000
1981	9860000
1982	17720000
1983	23450000
1984	21330000
1985	21630000
1986	21810000
1987	17000000
1988	12730000
1989	12540000
1990	8690000
1991	15340000
1992	15290000
1993	18890000
1994	11620000
1995	17340000
1996	15530000
1997	16230000
1998	17380000
1999	15410000
2000	10680000
2001	10220000
2002	4460000
2003	14580000
2004	14410000
2005	16690000
