88.5 -110.7 19.86
87.6 -122.6 17.66
91.1 -126.9 14.47
61.8 -104 38.35
90 -147.8 31.57
73.5 -141.8 33.91
71.1 -136.7 32.72
85.2 -141.8 31.96
80.6 -138.6 31.18
98.1 -147.6 33.47
96.6 -101.8 16.03
96.3 -136.9 21.55
85.3 -90.5 21.18
85.2 -109.7 25.22
92.2 -137.8 24.16
101.3 -139.6 19.44
89.4 -71.1 50.76
96.2 -114.5 13.32
72.7 -72.9 44.25
61.3 -90.2 42.55
73.4 -92.2 38.93
97.6 -122.7 10.64
44.2 -129.4 17.84
77.6 -119 25.11
47 -139.1 18.6
82.6 -80.3 32.32
104.6 -79.7 57.88
81.8 -98.7 29.14
77.9 -133.4 22.88
78.9 -133.1 25.2
80.3 -126.7 24.6
80.8 -118.5 21.17
93.6 -130.3 16.26
79.7 -113.6 25.49
74.3 -105.7 34.72
45 -131.5 11.91
72.9 -120.7 33.35
86.3 -119.8 17.55
72 -116.8 31.56
73.4 -127.7 32.46
81.7 -93.4 30.94
84.7 -128.6 26.02
89.7 -129.9 15.68
84.3 -104.6 25.71
80.8 -103.1 28.22
76.1 -115.4 26.92
84.2 -132.8 23.43
92.7 -116.3 11.23
91.3 -121.3 13.58
93.3 -107.1 19.83
65.1 -126.3 34.12
86.9 -116.6 17.4
65.1 -121.1 33.57
70.4 -135 33.37
78.8 -122.7 25.29
83.7 -145.9 29.99
90 -143.2 30.02
91.2 -134 18.69
69.4 -111 33.9
82.3 -90.4 27.54
68 -94.7 40.24
52.6 -83.1 46.21
