# Lees Ferry Total Natural Flow (ac-ft/mon)
458528
401644
226871
244314
292534
678174
1204640
3635101
5014167
2950460
1605086
1503159
739807
503006
353312
356760
377349
789130
1465838
2702179
5967232
5103491
1920787
955414
608812
377467
268130
276192
379543
664762
1041224
1595614
2922360
1924283
1117477
598088
483627
395707
312145
378989
317458
763721
1120492
3349297
7203254
4109919
1880422
1526396
680646
489990
377548
289322
493565
1403871
1730475
3298793
3101705
1373125
866631
630999
616468
445769
345922
367374
482597
902111
951815
2924637
4124342
2353784
1016615
593647
1138004
442055
353041
346041
327037
538143
902408
3684152
6151096
3206236
1362372
631542
636273
533066
305039
354040
314036
523341
1829662
3270773
3144987
1984477
874871
701627
670352
538369
329845
369539
401134
876055
1593815
4685651
6296012
3116693
1405438
783864
964927
527355
334330
304134
397336
525839
1483872
2427137
3642472
2147795
853538
528868
557983
411050
343248
393996
424367
1391402
1802735
3736188
4752149
2633061
1931864
809499
1402792
495715
369117
260297
351858
506892
1545288
3763312
7772051
4940893
1618992
822052
510346
448052
402771
356293
373570
655998
901047
2760606
5393082
2288860
968226
691873
569909
496385
410088
287188
316951
653288
1414719
3231443
2597757
1537304
904499
531938
377401
404787
394092
406940
601644
685472
983984
5917499
6993901
3165232
1376497
620527
534996
596367
404572
414071
456635
943676
930238
4180109
8467231
2849389
1972571
953215
488368
417789
453491
351437
438927
907265
1185878
4699578
5761054
2159890
1148518
657391
336581
400845
399832
375212
340452
449461
1316359
3835398
5077612
3053686
1744686
1013539
747522
646295
423825
312564
506890
508913
1665561
3264099
3780821
1672022
720755
389827
388361
392567
275417
262125
403157
607575
1382195
2536635
2860902
2086524
1040652
1174711
1020530
608566
447131
359577
353543
643799
1634988
3546066
4075706
1998872
966236
459006
461696
334893
379348
337439
388832
605740
1269471
4135924
4064755
3135304
1321496
2116962
979882
739253
444154
469629
463036
754898
1025978
4580808
4271762
2241461
1048281
558717
625418
570090
344257
331823
346061
923749
1698113
4276260
5414639
2744488
2389753
1742400
964744
560310
437244
298790
485407
575245
1792671
2168481
3724824
1693721
1891015
691053
587559
423714
288560
263662
366638
429833
597640
1387684
2042728
1147598
671677
424426
536284
353321
252642
272930
557282
673831
1676128
4286246
4193513
2684942
1364498
693905
367644
378380
272887
273377
255953
501362
515700
1604249
4680018
1898288
818373
563832
440664
297779
333907
308075
303394
349072
557262
1480351
1018245
721126
532811
284828
212899
181355
228772
254933
274011
339574
685733
1585305
4708552
2255472
959192
594224
387726
319435
266192
264047
318399
459898
1400149
4032422
3360120
1709054
1262461
705479
376632
443083
317127
200331
414259
700570
1559558
3833664
2958383
1923465
838115
596566
505920
384592
390633
325636
354576
794138
1659082
3599127
5324845
2503358
1027382
1050775
618499
479804
411097
348487
300376
809304
1228539
2865279
2250281
1104801
629627
671962
358134
312958
284314
261838
301174
439069
735512
2442459
2212811
984226
522322
525462
731809
410101
364873
355941
430079
675567
1127132
5323093
4598652
2428433
1190375
683285
1813960
913231
576929
404450
395910
660985
2902862
3500486
4834784
2074078
938573
412011
358326
373655
369016
345094
344573
533607
1624861
2446508
3294191
2132619
1188466
613563
386115
442637
379167
284953
344393
515043
1060878
3622415
4760167
2526378
857685
332678
378318
378988
307526
330444
359434
430301
790464
3150282
3358331
2468347
1465735
494543
538329
434400
319918
348056
313504
506085
1141099
1970811
2755500
1432801
852859
449366
430011
472765
422598
265000
353367
656705
844051
3600478
3790869
2726585
1575216
778634
830410
577524
440646
375948
432004
624879
1728270
4032836
3915190
1662639
887163
372680
361999
399745
345940
326825
350930
692323
1377417
3474042
5116808
2809867
985996
420280
539732
475823
363538
346883
394728
631678
1270496
2239296
3782182
2027117
817607
428841
423062
355831
422695
307758
356588
416528
564533
2034805
3694508
2205007
1172271
532247
430044
451352
340253
490658
385654
435309
2329319
5569121
6201051
2317967
1255129
694186
376061
376582
374385
402474
365207
458845
554827
1285021
3910327
1662389
1032517
405366
318406
427066
342974
317925
341586
388722
666898
1753441
1396009
1255884
664718
494512
570813
355936
289658
254680
252729
590617
697977
1950795
2332135
1220313
920244
359573
225234
274490
335121
379784
279980
513692
993694
2814517
3534913
1151798
703754
298120
193813
304643
258166
295275
331116
508805
868604
2805792
6669099
4906010
2007877
1010603
756358
838468
502956
392045
536727
688965
1599996
4597690
4562509
1308184
677219
438820
333453
358554
368349
306407
313512
350118
463516
1380376
2826173
1448923
766845
316311
557316
517710
350962
289809
314720
749816
1720737
1977890
3222979
1361812
582813
328283
361418
348931
264952
244498
318919
368225
637529
1642974
2528584
956734
718990
856024
819598
547420
370764
334494
774737
545028
2532520
4119768
3849168
2550866
912852
412135
555007
448064
342970
201557
370712
575260
763590
1808387
1839152
933748
685572
735431
319363
342117
266011
267885
262479
343862
649129
2354779
2984535
1729449
915192
366401
301361
325117
363397
379725
369167
443493
1400634
3392487
5596742
3793601
1623391
877286
875445
570571
552485
455182
395360
981129
1333026
2523296
1934274
1053979
589839
357643
335665
349297
371154
289340
307306
576121
604735
1690771
3628249
2187199
951241
517396
351908
327692
238872
313145
337745
517660
639473
2123875
5021980
1742269
1468908
424710
443620
385800
320747
391523
352823
571807
1972984
3869865
3004303
2035789
892706
607745
675186
513856
383572
382737
361005
447329
615374
3630445
4189472
2096715
917019
1131553
649771
515681
407035
475777
497474
611374
1350143
2484297
4484764
2247466
946254
680715
663635
546594
472602
479244
472177
829743
823381
1967075
3843338
1227907
695826
569808
1135822
671386
448561
413164
461743
847776
1353168
4505277
4989861
2940105
1050447
696513
467729
519814
444188
431876
407661
793994
945272
3382973
3386631
1584681
751802
382320
409426
506956
342753
397148
375858
627659
878126
2735694
5071523
4062206
1070518
547225
409261
449612
425223
367179
472901
549232
847841
2451154
2840669
1340694
775709
503311
442696
368006
278005
290823
289879
277718
366683
636213
974463
677553
581464
374480
324427
341546
307505
337611
306666
615244
1243195
2758331
5049193
2575170
818355
420493
348119
479668
397399
362399
356520
758320
1830490
4032121
5267745
2697246
1080961
431384
369616
403099
359960
448874
610889
643900
1432698
4372548
5381564
2270584
749700
623479
418583
480240
426972
361953
320806
356858
633558
1210450
2347012
1143382
517521
539705
644747
465600
404386
323492
321980
651806
980151
3009916
4265917
3000215
1551657
1083692
1000635
726339
614522
356887
462581
888650
1112526
3523644
7586565
5108606
2156760
880231
976284
711837
661941
373113
508482
843286
1460850
6126472
6591202
3869411
1986974
1117499
1063206
835754
649494
541648
501274
1116315
2756886
4875521
4708677
2294024
1106070
743797
919162
744890
641141
553848
750164
1131380
2201321
3880974
6043955
3406077
1327514
992004
1150094
1018373
731446
513452
621722
948130
1902764
3618425
3173563
1556005
1030774
655999
495022
631225
432714
359734
414543
725069
1079951
2053097
2753775
1442784
851745
568870
471986
374886
345151
332146
371651
863258
1215459
1747855
1975239
1190819
793644
447329
376107
404266
297098
282028
285879
409089
632201
1298419
2646273
1405270
708715
534972
585148
460158
304735
305882
390463
492067
868230
2193586
3412033
1547590
950677
792075
357590
575062
359131
333217
428731
610896
1137099
2254476
2121665
1331108
876433
618203
385962
463908
320939
427539
412457
872688
1325066
4424165
5029318
2541651
1178090
758418
566077
473140
409876
395699
360337
683020
840084
2294613
2454630
1022831
650214
510710
532631
460183
395276
369541
456718
877969
743038
2259351
6349342
5277508
1700050
725091
652138
550232
464657
432257
510871
552233
1109391
3370192
3617710
2008232
733774
525602
575620
634195
509967
507838
451824
1110121
1499419
4560349
6170126
2414849
1505545
1216912
1040539
722010
558605
524041
480043
772763
1337035
3609053
3595374
2558018
1266572
696974
696770
762906
502518
471298
427699
683682
845972
2647610
4460247
2525267
1621510
1043406
573057
484915
431412
418392
435694
527228
1176276
2576082
2253307
1052619
584577
516359
452853
463155
403273
332017
330406
592296
946091
2836209
2286981
1129918
799486
454623
355210
383908
333599
307926
266962
378540
595711
809139
1117661
726681
443617
485563
360774
430828
298718
272077
270260
507996
677124
2082078
2999407
1271724
626005
682782
398559
411288
349289
291421
311434
727986
1038200
1965404
1820447
1117515
504012
475279
621471
571403
392164
577827
530299
683623
1587458
3917207
4450438
2123559
888735
505304
723351
548883
414666
408117
347617
497541
1376937
3032333
2565697
1246851
788753
564495
1151719
608461
424374
403752
446520
966174
1095061
2390102
2128345
1034961
798127
487781
598856
441645
441211