   -1.097575      3.1032475E-02 -0.9379351    
  -0.3258243      0.8567878      0.7135756    
  -0.2821112      0.1353306     -0.7293388    
  -0.7541972      0.2700744     -0.4598511    
    1.149522      0.7770694      0.5541389    
  -3.9349277E-02  0.6499436      0.2998872    
  -0.2097331      0.4985174     -2.9651523E-03
   -2.193122      9.0531841E-02 -0.8189363    
  -0.7821962      0.2961424     -0.4077151    
  -0.6424254      0.5679116      0.1358231    
   0.8332104      0.8177699      0.6355398    
   0.1964703      0.2843777     -0.4312446    
    1.226508      0.9980799      0.9961598    
   -1.187190      0.1510591     -0.6978818    
   0.7851772      0.6988267      0.3976533    
   0.8805139      0.8662617      0.7325234    
   -1.033896      9.1886714E-02 -0.8162266    
   -1.538571      1.3383485E-02 -0.9732330    
    1.120294      0.4940061     -1.1987865E-02
   0.9042835      0.7883741      0.5767481    
  -0.2784019      0.4174074     -0.1651852    
  -0.9697638      0.2653147     -0.4693707    
    2.138358      0.9541836      0.9083672    
   0.8192354      0.8283882      0.6567763    
  -0.2355215      0.5809635      0.1619270    
   0.5268266      0.8776948      0.7553897    
   0.5499477      0.9337102      0.8674204    
   0.1801188      0.6529976      0.3059951    
  -0.1434555      0.2913544     -0.4172912    
  -0.9175289      0.1144983     -0.7710034    
  -0.6055387      0.2498793     -0.5002414    
    1.369368      0.8345217      0.6690433    
  -0.7178506      0.2683455     -0.4633089    
    1.173077      0.8395607      0.6791214    
   0.7318884      0.8724226      0.7448452    
  -0.6663863      0.4275411     -0.1449178    
   0.1928519      0.3636571     -0.2726859    
    1.648643      0.7202353      0.4404707    
   -1.419045      0.2692428     -0.4615144    
   0.4567227      0.3759133     -0.2481734    
  -0.8207399      3.7963554E-02 -0.9240729    
   0.5221941      0.5587487      0.1174973    
   0.5444651      0.6926472      0.3852943    
   0.2270392      0.3493789     -0.3012423    
  -1.3769489E-02  0.6560798      0.3121597    
   -1.296668      0.1229677     -0.7540647    
   0.7453904      0.6522421      0.3044842    
  -0.3462166      0.2486237     -0.5027527    
  -0.1207047      0.2285266     -0.5429467    
  -0.1855425      0.2264738     -0.5470524    
  -0.6034600      0.1773289     -0.6453421    
   0.2320859      0.7389739      0.4779477    
  -0.2054681      0.1680558     -0.6638883    
   -1.289361      0.1360583     -0.7278833    
  -0.4222960      0.3706566     -0.2586868    
   0.5508335      0.8387236      0.6774472    
   -1.121321      2.0082435E-04 -0.9995983    
  -0.6912308      0.1325689     -0.7348623    
  -0.3598617      0.3186839     -0.3626322    
   -1.015748      0.2218072     -0.5563856    
  -0.7017005      0.3283649     -0.3432702    
  -0.9089792      0.1342961     -0.7314078    
    1.887875      0.8335915      0.6671830    
  -0.1111051      0.5509791      0.1019582    
   7.5983301E-02  0.3743395     -0.2513210    
    1.607472      0.9787281      0.9574561    
    1.398551      0.7668799      0.5337597    
  -8.0890194E-02  0.5661985      0.1323969    
   0.4134939      0.7877274      0.5754547    
  -0.6201743      0.4402500     -0.1195000    
  -0.1523244      0.6938368      0.3876736    
   -1.230322      2.1383511E-03 -0.9957233    
  -0.4933661      0.4126004     -0.1747992    
   -2.076830      5.7981014E-02 -0.8840380    
  -0.1831361      0.6650089      0.3300178    
   0.4851112      0.5112821      2.2564173E-02
  -0.3545610      0.5980514      0.1961027    
   0.1056462      0.5628440      0.1256880    
    1.137193      0.6863560      0.3727120    
  -0.5967770      0.2913286     -0.4173427    
   -1.348050      0.1920565     -0.6158869    
   0.5008350      0.3383062     -0.3233876    
  -0.9643700      0.3018387     -0.3963226    
   0.2555136      0.8324575      0.6649151    
  -0.4461540      0.1758122     -0.6483755    
  -0.8898237      0.1613910     -0.6772179    
   0.7701015      0.6691837      0.3383675    
   0.1510021      0.7333561      0.4667122    
  -0.4456447      4.6288639E-02 -0.9074227    
   8.3362333E-02  0.4658391     -6.8321884E-02
  -0.2712096      0.7204781      0.4409561    
   0.1221223      0.8426630      0.6853260    
   0.8658499      0.9512795      0.9025589    
  -0.7011411      0.1633267     -0.6733467    
   0.5452861      0.9516224      0.9032447    
  -0.4737180      0.4827877     -3.4424663E-02
  -0.2742682      0.6288825      0.2577651    
   -1.141405      7.4396409E-02 -0.8512072    
   -1.465898      0.2959475     -0.4081051    
   0.2436424      0.3169365     -0.3661270    
