0.9068549      0.6306333      0.8250815    
    1.201506      0.8390741      0.9451841    
  -0.2843964      0.1914245     -0.2638251    
  -0.2534839      0.5522244     -0.9970474    
   0.3938959      0.8044286      0.1487482    
   0.3357342      0.8498725      0.9999773    
   0.7260870      0.7913660     -0.2582780    
  -0.2047866      0.9853646     -0.4325556    
  -0.4207620      0.1326792     -0.8564352    
    1.185871      0.4626827      0.9193826    
  -0.9749535      0.9441266     -0.9851450    
  -0.4589480      0.5227507     -0.6603950    
   0.7771363      0.6123154      0.3844794    
   0.7347720      0.6965770      9.8566547E-02
   0.3300188      0.2366587      0.9146572    
  -0.5005990      0.9465230     -0.9952735    
    1.094274      0.6376682      0.9289048    
   0.7014799      0.4861794      0.4150891    
   0.3124336      4.7675475E-02  0.9973785    
  -0.5220379      0.5099074     -0.3123808    
   0.3532271      7.1070626E-02  0.7882404    
  -0.7494335      0.1140694     -0.4290547    
  -0.1924708      0.8004392      2.3918478E-02
   0.1929905      0.2112642      0.3490405    
  -0.9689196      0.7604803     -0.9431318    
    1.481532      0.8634030      0.9081355    
  -0.2225258      0.8006603      3.0860515E-02
   0.3321639      0.5072873     -0.2331855    
   0.9390689      0.8485759      0.9994217    
   0.2771984      0.9056871     -0.1889737    
    1.039077      0.2405067      0.9567444    
  -0.8137956      0.3252624     -0.7157897    
  -5.0352696E-02  1.0053044E-02  0.3107223    
   -1.055608      0.3281872     -0.7768685    
  -0.1427038      0.8038740      0.1314891    
   0.8132819      0.2786635      0.6184599    
   -1.088195      0.9205207     -0.6102015    
  -0.7454022      0.9884998     -0.3417625    
   0.9900035      0.8359684      0.9088644    
   0.1630418      0.4283694      0.7812513    
  -0.3002514      0.1017346     -5.5750862E-02
   0.1084085      0.7998877      6.5848194E-03
   -1.109539      0.5765226     -0.6670739    
    1.308315      0.6435212      0.9809706    
  -0.3387259      0.3566025     -0.9776264    
  -0.7639368      0.3229683     -0.6636239    
   0.4967832      0.2753989      0.6956918    
    1.372939      0.6424029      0.9735417    
  -4.6985798E-02  8.5188888E-02  0.4477323    
  -0.8728221      0.1337188     -0.8728436    
  -0.5344825      0.3448468     -0.9876176    
   0.5569562      0.4625787      0.9206637    
   5.5772744E-02  0.2237595      0.6810941    
    1.108107      4.3648057E-02  0.9802647    
  -0.5399007      0.5739539     -0.7249781    
   0.1651642      0.4469536      0.9959477    
   -1.379485      0.3339857     -0.8781195    
  -3.3392981E-02  0.7769192     -0.6558287    
   0.6673365      0.6066182      0.2139215    
   0.1624908      0.6195126      0.5817187    
   0.6118622      0.2868629      0.3977737    
    1.236994      0.2416819      0.9668343    
  -0.7905203      0.3916528     -0.2544529    
   0.7084054      0.8375071      0.9279634    
  -0.3928497      0.9952769     -0.1353773    
   0.5157748      0.6268876      0.7530115    
   -1.109118      0.9212908     -0.6291952    
  -0.3743169      0.3989382     -2.8308552E-02
  -0.7366555      0.1632711     -0.9135010    
   -1.520426      0.5836093     -0.4860352    
   7.1940385E-02  0.2464655      0.9941821    
   -1.619785      0.5671408     -0.8547813    
  -0.4913520      0.9369650     -0.9219695    
    1.945833      5.6037020E-02  0.9819348    
  -0.1987181      0.3972416     -8.1543535E-02
   0.5863735      0.8098825      0.3152386    
  -2.8774571E-02  0.4013883      4.8671909E-02
  -8.5502401E-02  0.8933135      0.1974604    
  -0.4249268      0.8940164      0.1757580    
  -0.2660400      0.5209885     -0.6178166    
   0.7758402      4.9153797E-02  0.9996630    
   4.3897822E-02  0.9969606     -8.2781918E-02
  -0.1938127      9.4472028E-02  0.1716181    
   -1.328055      0.9440317     -0.9846283    
   0.3317257      0.2483026      0.9987410    
    1.655883      0.6352811      0.8985353    
  -0.7594687      0.5619090     -0.9282053    
    1.073639      3.7129965E-02  0.9195531    
   0.5765403      0.2228408      0.6596717    
  -0.9020887      0.9115772     -0.3664927    
  -0.1152875      0.9701794     -0.7983646    
   0.2567509      0.8625363      0.9192030    
   0.5197279      0.1969880     -9.2004009E-02
   0.2671129      0.3869046     -0.3954071    
  -0.2501957      0.9018298     -6.8833314E-02
  -0.1538591      0.5002714     -1.4852653E-02
  -0.3797388      0.7080054     -0.2575170    
  -0.7911088      0.2981922      5.2996568E-02
   -1.425696      0.7663227     -0.8665833    
   -1.043823      0.7377585     -0.9304161    
