  -0.5306263      0.4903770      0.4289707    
   0.9784498      0.5150341      0.4554853    
   0.7484684      0.6110303      0.4977424    
    1.021187      0.6285180      0.4934579    
   3.3741191E-02  0.3888846      0.2871552    
    1.071193      6.4449444E-02  6.4343520E-02
   0.9270322      0.9659870      9.3435600E-02
   0.6766499      0.7970008      0.3068893    
    1.998823      0.1957469       2.049945    
  -0.7016523      0.8505285      0.2274765    
   0.3025844      0.3775027      0.2721374    
   0.1677170      0.5073492      0.4477797    
   0.7942271      0.1349294      0.8877020    
   0.8285917      0.7804927      0.3317506    
   0.5148135      0.6046394      0.4983659    
   0.6572670      0.9173675      0.1415392    
   0.4875579      0.9353396      0.1222351    
    1.033026      0.2510148       1.292757    
   0.2773247      0.7105587      0.4278675    
    2.051350      0.2471183       1.383199    
  -0.3136649      2.1849165E-02  1.1128768E-02
   0.1787836      0.5619970      0.4895814    
  -0.2638057      0.6171190      0.4966772    
  -0.2212440      0.3390119      0.2545352    
   0.2736123      0.5748042      0.4945599    
   0.9559504      0.6618276      0.4752402    
  -0.7433791      0.3142195      0.3262305    
  -0.4454079      0.3398052      0.2538300    
  -0.4120868      0.3991906      0.3018450    
   0.6802778      0.5721170      0.4936789    
   7.8537904E-02  0.1108584      0.4316790    
   0.9728770      0.5450659      0.4800458    
  -0.1616163      0.8442434      0.2364929    
   0.5442526      0.3693683      0.2628181    
   0.6911567      0.8559157      0.2198495    
   0.5277777      0.5362297      0.4737930    
   0.7769539      0.3989772      0.3015345    
   0.5088383      0.4764591      0.4119184    
  -0.1749644      4.8050534E-02  3.0738186E-02
   0.9747936      0.6283983      0.4935000    
  -9.4732553E-02  0.5422318      0.4781330    
   0.4422000      0.8497542      0.2285807    
  -0.7285107      0.5819269      0.4964688    
   0.2285204      0.4862101      0.4240079    
  -0.1103027      5.6587067E-02  4.5013126E-02
   0.9785352      0.5921296      0.4981141    
   0.3968391      0.9178430      0.1410058    
    2.244798      0.2578480       1.135698    
   0.4035034      0.5621773      0.4896651    
   0.2013786      0.8313406      0.2553468    
  -0.2202782      3.5075236E-02  1.7875142E-02
    1.096361      0.1486825       1.215752    
   0.6972603      0.5191998      0.4594339    
    2.128505      0.2042320       2.055741    
   0.4208084      0.8261226      0.2630807    
   0.5753855      0.7688979      0.3489827    
    1.683416      0.1854657       1.968257    
   0.9456629      2.8754950E-02  1.4089625E-02
    1.271508      0.6324171      0.4919946    
   0.5315563      0.5610951      0.4891571    
   0.4120243      0.3655785      0.2590879    
  -0.4373242      0.9874455      7.6338567E-02
   0.1445123      0.2959499      0.4730046    
  -0.4191788      0.9303045      0.1274649    
    2.097871      0.1785582       1.871593    
  -6.1579298E-02  0.7116852      0.4265305    
    1.104485      0.4923968      0.4313298    
  -0.2713449      0.6150241      0.4970954    
   0.6384870      0.5293123      0.4683164    
  -0.7739620      0.9834769      7.9314575E-02
  -9.3559131E-02  0.4624230      0.3934744    
   0.5437641      0.9123938      0.1471909    
    1.821808      0.2085599       2.036940    
   0.3289106      0.9536719      0.1043819    
  -6.2248800E-02  0.9329474      0.1247023    
  -0.7415361      6.4706006E-03  7.2113764E-03
   0.5451529      0.3395903      0.2540139    
   4.1886522E-03  0.9895543      7.4790917E-02
   0.5230837      0.2730700      0.8159662    
   0.4200443      0.6687626      0.4698907    
   6.3365862E-02  0.3268331      0.2759681    
   0.8763236      0.9672428      9.2366345E-02
   0.4455086      0.3927243      0.2925448    
   0.1553480      0.3071038      0.3715065    
   3.2966085E-02  0.4306679      0.3483903    
   0.5405698      0.4914991      0.4302851    
   0.7532545      0.6366628      0.4901942    
   0.7677661      0.7942951      0.3109778    
   0.1309565      0.4742374      0.4090765    
  -9.7310208E-02  0.9564070      0.1018783    
   0.7187690      0.2488819       1.342290    
    1.810131      0.2033026       2.057879    
    2.750047      0.2201128       1.919724    
   2.6315425E-02  7.3322229E-02  9.6007369E-02
  -0.1983608      0.4505588      0.3770824    
   0.5005115      0.4649721      0.3969066    
  -0.6139880      0.8347532      0.2503202    
   0.8915135      0.6782622      0.4617582    
    1.408076      0.2366447       1.618919    
  -0.6504794      0.8781915      0.1894685    
