1906  226526   244809   617507   1262570   3960077   5082900   2758191   1409566   1430129   730202   476828   350716 
1907  289481   386974   787589   1621291   3154800   6118869   4746796   1883152   903407   678279   364353   266703 
1908  318629   357442   668607   1146620   1750298   3132317   1850885   1170559   582641   557910   374578   308331 
1909  375100   308938   719707   1192172   3716155   7375352   3842885   1774915   1451236   736988   491976   370877 
1910  360998   422859   1390608   1863026   3582499   3055360   1306841   678866   574326   620454   426586   368193 
1911  377744   438140   916942   1001682   3015575   4097249   2243853   911032   564412   1138005   442055   353040 
1912  346040   327040   538145   902409   3684152   6151097   3206236   1362372   631542   636272   533065   305040 
1913  354040   314035   523340   1829661   3270774   3144985   1984476   874869   701626   670353   538369   329845 
1914  369540   401135   876055   1593814   4685650   6296013   3116692   1405438   783864   964928   527355   334330 
1915  304135   397335   525840   1483873   2427137   3642473   2147795   853538   528870   557984   411050   343247 
1916  393997   424368   1391402   1802736   3736188   4752150   2633062   1931864   809499   1402793   495715   369118 
1917  260296   351858   506891   1545288   3763312   7772051   4940893   1618993   822053   510346   448052   402771 
1918  356292   373570   655997   901047   2760607   5393082   2288860   968227   691873   569910   496385   410089 
1919  287188   316951   653288   1414719   3231444   2597757   1537305   904498   531938   377402   404787   394092 
1920  406940   601645   685472   983984   5917499   6993901   3165233   1376497   620527   534995   596367   404572 
1921  414071   456636   943675   930238   4180109   8467230   2849389   1972571   953215   488368   417789   453490 
1922  351437   438928   907266   1185878   4699578   5761054   2159890   1148518   657391   336581   400845   399832 
1923  375213   340452   449461   1316359   3835398   5077612   3053685   1744686   1013539   747521   646295   423825 
1924  312563   506890   508913   1665561   3264099   3780821   1672023   720755   389827   388361   392567   275418 
1925  262125   403157   607575   1382195   2536635   2860901   2086524   1040652   1174710   1020530   608566   447131 
1926  359577   353544   643799   1634988   3546065   4075706   1998872   966236   459006   461696   334894   379348 
1927  337439   388832   605741   1269471   4135924   4064755   3135304   1321496   2116962   979882   739253   444153 
1928  469629   463036   754898   1025978   4580808   4271762   2241461   1048280   558717   625418   570090   344257 
1929  331823   346061   923749   1698112   4276261   5414640   2744488   2389754   1742400   964743   560310   437244 
1930  298790   485407   575246   1792671   2168481   3724824   1693721   1891015   691053   587559   423714   288560 
1931  263662   366639   429833   597640   1387684   2042727   1147598   671677   424426   536283   353322   252643 
1932  272930   557282   673831   1676128   4286246   4193514   2684941   1364498   693906   367644   378380   272887 
1933  273376   255953   501362   515700   1604249   4680018   1898287   818373   563832   440664   297779   333907 
1934  308075   303395   349072   557263   1480351   1018245   721126   532811   284828   212899   181355   228772 
1935  254933   274011   339574   685733   1585305   4708552   2255472   959192   594224   387726   319435   266192 
1936  264047   318400   459898   1400149   4032422   3360120   1709054   1262461   705479   376632   443083   317128 
1937  200331   414259   700570   1559558   3833665   2958383   1923464   838115   596566   505920   384592   390633 
1938  325637   354575   794138   1659082   3599128   5324845   2503358   1027381   1050775   618499   479804   411097 
1939  348487   300377   809304   1228538   2865278   2250280   1104801   629626   671962   358134   312958   284314 
1940  261837   301174   439068   735512   2442459   2212812   984226   522322   525463   731809   410102   364873 
1941  355941   430079   675567   1127132   5323093   4598652   2428433   1190375   683285   1813960   913232   576929 
1942  404450   395910   660985   2902862   3500486   4834784   2074078   938573   412011   358326   373655   369016 
1943  345094   344573   533607   1624861   2446508   3294191   2132619   1188466   613563   386115   442637   379167 
1944  284953   344393   515043   1060878   3622415   4760167   2526378   857685   332678   378318   378988   307526 
1945  330444   359434   430301   790464   3150282   3358331   2468347   1465735   494543   538329   434400   319918 
1946  348056   313504   506085   1141098   1970811   2755500   1432801   852859   449365   430011   472765   422598 
1947  265000   353367   656705   844051   3600478   3790869   2726585   1575216   778634   830411   577524   440646 
1948  375949   432004   624879   1728270   4032836   3915190   1662639   887163   372680   361999   399745   345940 
1949  326826   350930   692324   1377417   3474042   5116808   2809867   985997   420279   539733   475823   363538 
1950  346883   394729   631678   1270496   2239296   3782181   2027117   817606   428842   423062   355831   422695 
1951  307758   356588   416528   564533   2034805   3694508   2205007   1172271   532247   430044   451352   340253 
1952  490658   385654   435309   2329319   5569121   6201051   2317967   1255129   694186   376061   376582   374385 
1953  402474   365207   458845   554827   1285021   3910327   1662389   1032517   405366   318406   427066   342974 
1954  317925   341586   388722   666898   1753441   1396009   1255884   664718   494512   570813   355936   289658 
1955  254680   252729   590617   697977   1950795   2332135   1220313   920244   359573   225234   274490   335121 
1956  379784   279980   513692   993694   2814517   3534913   1151798   703754   298120   193813   304643   258166 
1957  295275   331116   508805   868604   2805792   6669099   4906010   2007877   1010603   756358   838468   502956 
1958  392045   536727   688965   1599996   4597690   4562509   1308184   677219   438820   333453   358554   368349 
1959  306407   313512   350118   463516   1380376   2826173   1448923   766845   316311   557316   517710   350962 
1960  289809   314720   749816   1720737   1977890   3222979   1361812   582813   328283   361418   348931   264952 
1961  244498   318919   368225   637529   1642974   2528584   956734   718990   856024   819598   547420   370764 
1962  334494   774737   545028   2532520   4119768   3849168   2550866   912852   412135   555007   448064   342970 
1963  201557   370712   575260   763590   1808387   1839152   933748   685572   735431   319363   342117   266011 
1964  267885   262479   343862   649129   2354779   2984535   1729449   915192   366401   301361   325117   363397 
1965  379725   369167   443493   1400634   3392487   5596742   3793601   1623391   877286   875445   570571   552485 
1966  455182   395360   981129   1333026   2523296   1934274   1053979   589839   357643   335665   349297   371154 
1967  289340   307306   576121   604735   1690771   3628249   2187199   951241   517396   351908   327692   238872 
1968  313145   337745   517660   639473   2123875   5021980   1742269   1468908   424710   443620   385800   320747 
1969  391523   352823   571807   1972984   3869865   3004303   2035789   892706   607745   675186   513856   383572 
1970  382737   361005   447329   615374   3630445   4189472   2096715   917019   1131553   649771   515681   407035 
1971  497111   492101   616752   1345428   2455561   4360800   2200954   905845   677566   668529   551362   480814 
1972  504725   467316   827756   827665   1927245   3732078   1183540   671237   573746   1122024   672953   455247 
1973  443468   460640   856955   1352609   4418768   5004860   2733387   1001352   674173   477361   520012   439171 
1974  461512   402047   793111   934910   3328714   3331983   1550212   717987   362729   418138   510035   343980 
1975  428976   374469   631194   864204   2679737   4954421   3977681   1026761   531299   419974   451504   426086 
1976  400936   470488   556341   846266   2416769   2776964   1325189   752597   484445   451975   377313   284070 
1977  325743   291505   282959   356704   624052   940715   669323   570663   364198   333534   343037   314407 
1978  343400   303777   616134   1249067   2780861   5054647   2431528   755541   411196   360037   491228   395068 
1979  398005   358734   751571   1819365   4056924   5260820   2586585   1018377   402549   369368   411816   356459 
1980  475505   602380   648524   1434716   4388683   5348033   2135124   700554   609202   420400   481201   424343 
1981  383967   315161   375705   649043   1201089   2358656   1111878   524167   532279   650797   469059   394768 
1982  353594   318852   652673   997288   3026657   4311631   2941742   1510455   1061747   1012022   722200   614578 
1983  396690   461042   907694   1111833   3542007   7704172   4987706   2359248   766507   1055699   722962   642133 
1984  451535   501711   847951   1452079   6102008   6676507   3798344   1960005   1069683   1069429   814704   631046 
1985  587460   578911   1124978   2926238   4930840   4718414   2243411   1077385   739059   935293   736573   624408 
1986  555086   749576   1087138   2178702   3884063   6084911   3302508   1325861   989152   1145178   996228   712994 
1987  532228   630045   955648   1882124   3694182   3150018   1525503   1039415   667230   493454   630345   427478 
1988  357677   411538   714314   1068436   2057942   2823220   1373708   853174   563977   489727   392826   344724 
1989  335513   369750   835199   1204179   1763608   1965011   1191663   812028   440201   383913   407908   298327 
1990  297335   287350   427182   640080   1296791   2680608   1364936   736186   548394   583690   463231   276655 
1991  305561   387102   504802   804957   2213006   3418352   1491058   972128   778557   383514   554627   353875 
1992  332514   424618   610813   1088651   2273103   2143173   1340394   890663   633601   400998   449973   309778 
1993  426593   412164   876739   1305726   4445644   5037406   2477491   1165744   782535   578945   476076   388678 
1994  398009   360128   680300   816127   2303294   2463823   1030766   683730   517639   543085   459648   387047 
1995  363095   455040   845421   738914   2316619   6325303   5190789   1639124   754400   671617   546255   461383 
1996  435602   500877   551210   1076697   3372483   3585737   1976208   764699   535021   590270   607448   506364 
1997  496120   442090   1065098   1459439   4569168   6173580   2386288   1517968   1213852   1049659   708810   540681 
1998  524155   483952   770063   1305330   3647204   3597824   2518175   1271507   734131   728587   755420   462331 
1999  476756   386235   628658   776283   2657974   4638783   2742653   1815957   1080472   614033   497261   397670 
2000  395362   420561   509613   1143125   2563742   2200827   1041905   602007   510143   470487   434154   354922 
