71087 100580 70664 98201 151274 91269
52146 89075 23084 48762 149121 43167
45696 95278 29080 47057 109919 30618
102723 149806 77169 100070 214766 84218
52933 79162 40037 51468 104622 51059
34315 45314 8371 35217 54402 23900
39251 65645 13878 40979 100041 37938
50408 85039 27676 43865 105944 42197
117557 172650 97708 99771 268528 101486
73372 105054 60471 88988 158280 103849
35942 60015 15717 46000 80573 43632
52453 71480 32832 67216 107711 63813
34748 58264 18139 53571 79489 53109
107853 127850 49212 81186 193971 66128
46198 50944 13114 39989 62724 27596
27222 68691 32791 51005 112293 60698
104893 143073 63817 92117 186013 80566
47549 64031 18881 54171 84331 44812
38236 86377 12762.5 36966 95451 30654
44497 92590 24840 70186 141704 59065
53629 101364 33160 54321 147690 52763
95495 109745 70673 72931 135394 76967
81085 95441 34556 55910 123296 58435
56177 71052 24640 42934 80188 33458
47087 98774 54191 73894 183981 97360
45102 84896 24764 45166 128345 53765
48895 107290 50729 87518 158796 96676
51413 65483 25124 46248 94422 35720
24382 23666 6347 19946 28302 16373
49157 121015 33204 72318 154364 71207
78484 130341 50109 76561 202066 85394
86815 127905 46983 67354 217741 51077
28081 39699 8731.4 32018 64303 33754
55027 97097 31902 63864 160973 70638
60280 106633 65084 78350 239911 127889
118718 162870 135934 116835 272289 166320
89915 123966 68391 95220 245659 117320
101083 140013 46793 74188 222504 75143
77089 86418 64270 79144 131747 71176
38581 58982 18534 45453 85795 23889
41265 74331 15823 38450 94053 24391
36348 50534 17894 45359 58950 40995
57861 81979 35923 60867 118923 62111
41428 60313 28013 46766 99515 64072
87104 138863 57675 74204 247729 74025
52158 81489 19707 49676 108579 46390
134396 169501 78565 87568 250844 100154
96668 121679 38607 58236 136459 51589
104565 142778 59075 84241 198501 94533
54594 75459 30242 53147 162115 54643
59645 88591 28733 76117 99245 59069
