  -53.750   -73.750
  -53.750   -71.250
  -53.750   -68.750
  -51.250   -58.750
  -48.750   -71.250
  -48.750   -68.750
  -46.250   -76.250
  -46.250   -73.750
  -46.250   -71.250
  -46.250   -68.750
  -46.250   166.250
  -46.250   168.750
  -43.750   -73.750
  -43.750   -71.250
  -43.750   -68.750
  -43.750   -66.250
  -43.750   146.250
  -43.750   168.750
  -43.750   171.250
  -43.750   173.750
  -41.250   -73.750
  -41.250   -71.250
  -41.250   -68.750
  -41.250   -66.250
  -41.250   143.750
  -41.250   146.250
  -41.250   171.250
  -41.250   173.750
  -41.250   176.250
  -38.750   -71.250
  -38.750   -68.750
  -38.750   -66.250
  -38.750   -63.750
  -38.750   -61.250
  -38.750   -58.750
  -38.750   141.250
  -38.750   143.750
  -38.750   146.250
  -38.750   148.750
  -38.750   173.750
  -38.750   176.250
  -36.250   -71.250
  -36.250   -68.750
  -36.250   -66.250
  -36.250   -58.750
  -36.250   136.250
  -36.250   138.750
  -36.250   141.250
  -36.250   143.750
  -36.250   146.250
  -36.250   148.750
  -36.250   173.750
  -33.750   -71.250
  -33.750   -66.250
  -33.750   -63.750
  -33.750   -58.750
  -33.750    28.750
  -33.750   116.250
  -33.750   118.750
  -33.750   121.250
  -33.750   123.750
  -33.750   133.750
  -33.750   136.250
  -33.750   138.750
  -33.750   141.250
  -33.750   143.750
  -33.750   146.250
  -33.750   148.750
  -33.750   151.250
  -31.250   -71.250
  -31.250   -63.750
  -31.250   -61.250
  -31.250   -58.750
  -31.250    16.250
  -31.250    23.750
  -31.250    26.250
  -31.250    28.750
  -31.250   116.250
  -31.250   118.750
  -31.250   121.250
  -31.250   123.750
  -31.250   126.250
  -31.250   128.750
  -31.250   131.250
  -31.250   133.750
  -31.250   136.250
  -31.250   138.750
  -31.250   141.250
  -31.250   143.750
  -31.250   146.250
  -31.250   148.750
  -31.250   151.250
  -28.750   -71.250
  -28.750   -63.750
  -28.750   -61.250
  -28.750   -58.750
  -28.750   -56.250
  -28.750   -51.250
  -28.750    16.250
  -28.750    18.750
  -28.750    26.250
  -28.750    28.750
  -28.750    31.250
  -28.750   113.750
  -28.750   116.250
  -28.750   118.750
  -28.750   121.250
  -28.750   136.250
  -28.750   138.750
  -28.750   141.250
  -28.750   143.750
  -28.750   146.250
  -28.750   148.750
  -28.750   151.250
  -28.750   153.750
  -26.250   -66.250
  -26.250   -61.250
  -26.250   -58.750
  -26.250   -56.250
  -26.250   -51.250
  -26.250   -48.750
  -26.250    16.250
  -26.250    21.250
  -26.250    23.750
  -26.250    26.250
  -26.250    31.250
  -26.250   113.750
  -26.250   116.250
  -26.250   118.750
  -26.250   121.250
  -26.250   131.250
  -26.250   133.750
  -26.250   136.250
  -26.250   138.750
  -26.250   141.250
  -26.250   143.750
  -26.250   146.250
  -26.250   148.750
  -26.250   151.250
  -23.750   -66.250
  -23.750   -48.750
  -23.750   -46.250
  -23.750   -43.750
  -23.750    18.750
  -23.750    21.250
  -23.750    23.750
  -23.750    26.250
  -23.750    28.750
  -23.750    31.250
  -23.750   113.750
  -23.750   116.250
  -23.750   118.750
  -23.750   121.250
  -23.750   131.250
  -23.750   133.750
  -23.750   136.250
  -23.750   138.750
  -23.750   141.250
  -23.750   143.750
  -23.750   146.250
  -23.750   148.750
  -23.750   151.250
  -21.250    16.250
  -21.250    18.750
  -21.250    21.250
  -21.250    23.750
  -21.250    26.250
  -21.250    28.750
  -21.250    31.250
  -21.250    33.750
  -21.250    43.750
  -21.250    48.750
  -21.250   113.750
  -21.250   116.250
  -21.250   118.750
  -21.250   121.250
  -21.250   126.250
  -21.250   131.250
  -21.250   133.750
  -21.250   136.250
  -21.250   138.750
  -21.250   141.250
  -21.250   143.750
  -21.250   146.250
  -21.250   148.750
  -21.250   163.750
  -18.750   -68.750
  -18.750   -61.250
  -18.750   -58.750
  -18.750   -56.250
  -18.750   -48.750
  -18.750    16.250
  -18.750    18.750
  -18.750    23.750
  -18.750    26.250
  -18.750    28.750
  -18.750    31.250
  -18.750    33.750
  -18.750    46.250
  -18.750   121.250
  -18.750   123.750
  -18.750   126.250
  -18.750   128.750
  -18.750   131.250
  -18.750   136.250
  -18.750   138.750
  -18.750   141.250
  -18.750   143.750
  -18.750   146.250
  -16.250   -68.750
  -16.250   -58.750
  -16.250   -56.250
  -16.250   -51.250
  -16.250   -48.750
  -16.250   -46.250
  -16.250   -43.750
  -16.250   -41.250
  -16.250    18.750
  -16.250    21.250
  -16.250    23.750
  -16.250    26.250
  -16.250    28.750
  -16.250    31.250
  -16.250    33.750
  -16.250    36.250
  -16.250    38.750
  -16.250   123.750
  -16.250   128.750
  -16.250   131.250
  -16.250   133.750
  -16.250   136.250
  -16.250   141.250
  -16.250   143.750
  -13.750   -51.250
  -13.750   -48.750
  -13.750   -46.250
  -13.750   -43.750
  -13.750   -41.250
  -13.750   -38.750
  -13.750    21.250
  -13.750    23.750
  -13.750    26.250
  -13.750    28.750
  -13.750    31.250
  -13.750    33.750
  -13.750    36.250
  -13.750   128.750
  -13.750   131.250
  -13.750   133.750
  -13.750   136.250
  -13.750   141.250
  -13.750   143.750
  -11.250   -76.250
  -11.250   -51.250
  -11.250   -48.750
  -11.250   -43.750
  -11.250   -41.250
  -11.250   -38.750
  -11.250    26.250
  -11.250    28.750
  -11.250    33.750
  -11.250    36.250
  -11.250    38.750
  -11.250   131.250
   -8.750   -48.750
   -8.750   -46.250
   -8.750   -43.750
   -8.750   -41.250
   -8.750   -38.750
   -8.750   -36.250
   -8.750    28.750
   -8.750    31.250
   -8.750    38.750
   -8.750   111.250
   -8.750   113.750
   -6.250   -66.250
   -6.250   -63.750
   -6.250   -61.250
   -6.250   -56.250
   -6.250   -48.750
   -6.250   -46.250
   -6.250   -43.750
   -6.250   -41.250
   -6.250   -38.750
   -6.250   -36.250
   -6.250    11.250
   -6.250    26.250
   -6.250    31.250
   -6.250    36.250
   -6.250   103.750
   -6.250   106.250
   -3.750   -68.750
   -3.750   -66.250
   -3.750   -63.750
   -3.750   -61.250
   -3.750   -58.750
   -3.750   -56.250
   -3.750   -53.750
   -3.750   -51.250
   -3.750   -48.750
   -3.750   -46.250
   -3.750   -43.750
   -3.750   -41.250
   -3.750   -38.750
   -3.750    31.250
   -3.750    36.250
   -3.750    38.750
   -1.250   -78.750
   -1.250   -68.750
   -1.250   -66.250
   -1.250   -56.250
   -1.250   -51.250
   -1.250   -48.750
   -1.250   -46.250
   -1.250    16.250
   -1.250    18.750
   -1.250    23.750
   -1.250    28.750
   -1.250    31.250
   -1.250    33.750
   -1.250    38.750
   -1.250   101.250
   -1.250   103.750
    1.250   -76.250
    1.250   -68.750
    1.250     8.750
    1.250    16.250
    1.250    23.750
    1.250    26.250
    1.250    28.750
    1.250    31.250
    1.250    38.750
    1.250    43.750
    1.250   103.750
    3.750   -76.250
    3.750   -61.250
    3.750   -56.250
    3.750     6.250
    3.750     8.750
    3.750    23.750
    3.750    26.250
    3.750    28.750
    3.750    31.250
    3.750    33.750
    3.750    43.750
    6.250   -81.250
    6.250   -78.750
    6.250   -71.250
    6.250   -68.750
    6.250   -66.250
    6.250   -63.750
    6.250   -61.250
    6.250   -58.750
    6.250   -56.250
    6.250   -11.250
    6.250    -8.750
    6.250    -6.250
    6.250    -3.750
    6.250    -1.250
    6.250     1.250
    6.250     3.750
    6.250     6.250
    6.250     8.750
    6.250    11.250
    6.250    26.250
    6.250    28.750
    6.250    31.250
    6.250    33.750
    6.250    78.750
    6.250    81.250
    6.250    98.750
    6.250   101.250
    8.750   -81.250
    8.750   -78.750
    8.750   -68.750
    8.750   -63.750
    8.750   -13.750
    8.750   -11.250
    8.750    -8.750
    8.750    -6.250
    8.750    -3.750
    8.750    -1.250
    8.750     1.250
    8.750     3.750
    8.750     6.250
    8.750     8.750
    8.750    11.250
    8.750    26.250
    8.750    28.750
    8.750    31.250
    8.750    33.750
    8.750    46.250
    8.750    76.250
    8.750    78.750
    8.750    98.750
   11.250   -86.250
   11.250   -71.250
   11.250   -68.750
   11.250   -66.250
   11.250   -61.250
   11.250   -16.250
   11.250   -13.750
   11.250   -11.250
   11.250    -8.750
   11.250    -6.250
   11.250    -3.750
   11.250    -1.250
   11.250     1.250
   11.250     3.750
   11.250     6.250
   11.250    11.250
   11.250    13.750
   11.250    21.250
   11.250    23.750
   11.250    26.250
   11.250    28.750
   11.250    31.250
   11.250    33.750
   11.250    36.250
   11.250    76.250
   11.250    78.750
   11.250    98.750
   11.250   101.250
   11.250   103.750
   13.750   -91.250
   13.750   -16.250
   13.750   -13.750
   13.750   -11.250
   13.750    -8.750
   13.750    -6.250
   13.750    -3.750
   13.750    -1.250
   13.750     1.250
   13.750     3.750
   13.750     6.250
   13.750     8.750
   13.750    11.250
   13.750    13.750
   13.750    23.750
   13.750    26.250
   13.750    28.750
   13.750    31.250
   13.750    33.750
   13.750    36.250
   13.750    73.750
   13.750    76.250
   13.750    78.750
   13.750    98.750
   13.750   101.250
   13.750   103.750
   16.250   -16.250
   16.250   -13.750
   16.250   -11.250
   16.250    -8.750
   16.250    -6.250
   16.250    -3.750
   16.250    -1.250
   16.250     1.250
   16.250     3.750
   16.250    11.250
   16.250    13.750
   16.250    33.750
   16.250    36.250
   16.250    38.750
   16.250    73.750
   16.250    76.250
   16.250    78.750
   16.250    81.250
   16.250   101.250
   16.250   103.750
   18.750  -156.250
   18.750  -103.750
   18.750  -101.250
   18.750   -98.750
   18.750   -91.250
   18.750   -88.750
   18.750   -78.750
   18.750   -71.250
   18.750   -66.250
   18.750   -13.750
   18.750   -11.250
   18.750     1.250
   18.750    31.250
   18.750    33.750
   18.750    36.250
   18.750    73.750
   18.750    76.250
   18.750    78.750
   18.750    81.250
   18.750    83.750
   18.750   101.250
   21.250  -101.250
   21.250   -98.750
   21.250   -91.250
   21.250   -88.750
   21.250   -83.750
   21.250   -81.250
   21.250   -76.250
   21.250    68.750
   21.250    71.250
   21.250    73.750
   21.250    76.250
   21.250    78.750
   21.250    83.750
   21.250    86.250
   21.250   101.250
   21.250   108.750
   21.250   111.250
   21.250   113.750
   23.750  -106.250
   23.750  -101.250
   23.750   -98.750
   23.750    66.250
   23.750    71.250
   23.750    73.750
   23.750    76.250
   23.750    78.750
   23.750    81.250
   23.750    83.750
   23.750    86.250
   23.750    88.750
   23.750    91.250
   23.750    93.750
   23.750    98.750
   23.750   101.250
   23.750   103.750
   23.750   106.250
   23.750   108.750
   23.750   111.250
   23.750   113.750
   23.750   116.250
   23.750   118.750
   23.750   121.250
   26.250  -108.750
   26.250  -101.250
   26.250   -98.750
   26.250   -81.250
   26.250    63.750
   26.250    66.250
   26.250    71.250
   26.250    73.750
   26.250    76.250
   26.250    78.750
   26.250    81.250
   26.250    83.750
   26.250    86.250
   26.250    88.750
   26.250    91.250
   26.250    93.750
   26.250    96.250
   26.250   103.750
   26.250   106.250
   26.250   108.750
   26.250   111.250
   26.250   113.750
   26.250   116.250
   26.250   118.750
   28.750  -108.750
   28.750  -106.250
   28.750  -103.750
   28.750  -101.250
   28.750   -98.750
   28.750   -96.250
   28.750   -91.250
   28.750   -83.750
   28.750   -81.250
   28.750   -11.250
   28.750    -8.750
   28.750    48.750
   28.750    66.250
   28.750    71.250
   28.750    73.750
   28.750    76.250
   28.750    78.750
   28.750    81.250
   28.750    93.750
   28.750   101.250
   28.750   103.750
   28.750   106.250
   28.750   108.750
   28.750   118.750
   28.750   121.250
   31.250  -116.250
   31.250  -111.250
   31.250  -108.750
   31.250  -106.250
   31.250  -103.750
   31.250  -101.250
   31.250   -98.750
   31.250   -96.250
   31.250   -93.750
   31.250   -91.250
   31.250   -88.750
   31.250   -86.250
   31.250   -83.750
   31.250   -81.250
   31.250    -8.750
   31.250    -6.250
   31.250    -1.250
   31.250     1.250
   31.250     3.750
   31.250    13.750
   31.250    16.250
   31.250    28.750
   31.250    31.250
   31.250    33.750
   31.250    36.250
   31.250    48.750
   31.250    68.750
   31.250    71.250
   31.250    73.750
   31.250    76.250
   31.250   108.750
   31.250   111.250
   31.250   116.250
   31.250   121.250
   31.250   131.250
   33.750  -121.250
   33.750  -118.750
   33.750  -116.250
   33.750  -113.750
   33.750  -111.250
   33.750  -108.750
   33.750  -106.250
   33.750  -103.750
   33.750  -101.250
   33.750   -98.750
   33.750   -96.250
   33.750   -93.750
   33.750   -91.250
   33.750   -88.750
   33.750   -86.250
   33.750   -83.750
   33.750   -81.250
   33.750   -78.750
   33.750    -8.750
   33.750    -6.250
   33.750    -3.750
   33.750    -1.250
   33.750     1.250
   33.750     6.250
   33.750     8.750
   33.750    33.750
   33.750    36.250
   33.750    41.250
   33.750    43.750
   33.750    68.750
   33.750    71.250
   33.750    73.750
   33.750    78.750
   33.750   116.250
   33.750   118.750
   33.750   126.250
   33.750   128.750
   33.750   131.250
   33.750   133.750
   33.750   136.250
   36.250  -121.250
   36.250  -118.750
   36.250  -113.750
   36.250  -111.250
   36.250  -108.750
   36.250  -106.250
   36.250  -103.750
   36.250  -101.250
   36.250   -98.750
   36.250   -96.250
   36.250   -93.750
   36.250   -91.250
   36.250   -88.750
   36.250   -86.250
   36.250   -83.750
   36.250   -81.250
   36.250   -78.750
   36.250   -76.250
   36.250    -8.750
   36.250    -6.250
   36.250    -3.750
   36.250    -1.250
   36.250     1.250
   36.250     3.750
   36.250     6.250
   36.250     8.750
   36.250    13.750
   36.250    21.250
   36.250    31.250
   36.250    33.750
   36.250    41.250
   36.250    43.750
   36.250    48.750
   36.250    51.250
   36.250    53.750
   36.250    56.250
   36.250    58.750
   36.250    61.250
   36.250    63.750
   36.250   111.250
   36.250   113.750
   36.250   116.250
   36.250   118.750
   36.250   121.250
   36.250   126.250
   36.250   128.750
   36.250   133.750
   36.250   136.250
   36.250   138.750
   38.750  -123.750
   38.750  -121.250
   38.750  -118.750
   38.750  -116.250
   38.750  -113.750
   38.750  -111.250
   38.750  -108.750
   38.750  -106.250
   38.750  -103.750
   38.750  -101.250
   38.750   -98.750
   38.750   -96.250
   38.750   -93.750
   38.750   -91.250
   38.750   -88.750
   38.750   -86.250
   38.750   -83.750
   38.750   -81.250
   38.750   -78.750
   38.750   -76.250
   38.750    -6.250
   38.750    -3.750
   38.750    -1.250
   38.750     8.750
   38.750    21.250
   38.750    23.750
   38.750    41.250
   38.750    43.750
   38.750    48.750
   38.750    53.750
   38.750    56.250
   38.750    58.750
   38.750    61.250
   38.750    63.750
   38.750    66.250
   38.750    68.750
   38.750    71.250
   38.750    73.750
   38.750   113.750
   38.750   116.250
   38.750   126.250
   38.750   138.750
   38.750   141.250
   41.250  -123.750
   41.250  -121.250
   41.250  -118.750
   41.250  -116.250
   41.250  -113.750
   41.250  -111.250
   41.250  -108.750
   41.250  -106.250
   41.250  -103.750
   41.250  -101.250
   41.250   -98.750
   41.250   -96.250
   41.250   -93.750
   41.250   -91.250
   41.250   -88.750
   41.250   -86.250
   41.250   -83.750
   41.250   -81.250
   41.250   -78.750
   41.250   -76.250
   41.250   -73.750
   41.250   -71.250
   41.250    -6.250
   41.250    -3.750
   41.250    -1.250
   41.250     1.250
   41.250     8.750
   41.250    11.250
   41.250    13.750
   41.250    23.750
   41.250    26.250
   41.250    31.250
   41.250    33.750
   41.250    36.250
   41.250    38.750
   41.250    41.250
   41.250    43.750
   41.250    46.250
   41.250    48.750
   41.250    51.250
   41.250    58.750
   41.250    61.250
   41.250    66.250
   41.250    68.750
   41.250    71.250
   41.250    73.750
   41.250    76.250
   41.250   128.750
   41.250   138.750
   41.250   141.250
   41.250   143.750
   43.750  -123.750
   43.750  -121.250
   43.750  -118.750
   43.750  -116.250
   43.750  -113.750
   43.750  -111.250
   43.750  -108.750
   43.750  -106.250
   43.750  -103.750
   43.750  -101.250
   43.750   -98.750
   43.750   -96.250
   43.750   -93.750
   43.750   -91.250
   43.750   -88.750
   43.750   -86.250
   43.750   -83.750
   43.750   -81.250
   43.750   -78.750
   43.750   -76.250
   43.750   -73.750
   43.750   -71.250
   43.750   -68.750
   43.750   -66.250
   43.750     1.250
   43.750     3.750
   43.750     6.250
   43.750     8.750
   43.750    11.250
   43.750    13.750
   43.750    16.250
   43.750    18.750
   43.750    21.250
   43.750    23.750
   43.750    26.250
   43.750    28.750
   43.750    43.750
   43.750    46.250
   43.750    51.250
   43.750    58.750
   43.750    63.750
   43.750    73.750
   43.750    76.250
   43.750    78.750
   43.750   128.750
   43.750   131.250
   43.750   133.750
   43.750   141.250
   43.750   143.750
   46.250  -123.750
   46.250  -121.250
   46.250  -118.750
   46.250  -116.250
   46.250  -113.750
   46.250  -111.250
   46.250  -108.750
   46.250  -106.250
   46.250  -103.750
   46.250  -101.250
   46.250   -98.750
   46.250   -96.250
   46.250   -93.750
   46.250   -91.250
   46.250   -88.750
   46.250   -86.250
   46.250   -83.750
   46.250   -81.250
   46.250   -78.750
   46.250   -76.250
   46.250   -73.750
   46.250   -71.250
   46.250   -68.750
   46.250   -63.750
   46.250   -61.250
   46.250    -1.250
   46.250     1.250
   46.250     3.750
   46.250     6.250
   46.250     8.750
   46.250    11.250
   46.250    13.750
   46.250    16.250
   46.250    18.750
   46.250    21.250
   46.250    23.750
   46.250    28.750
   46.250    33.750
   46.250    36.250
   46.250    43.750
   46.250    46.250
   46.250    48.750
   46.250    51.250
   46.250    53.750
   46.250    56.250
   46.250    61.250
   46.250    63.750
   46.250    76.250
   46.250    78.750
   46.250    81.250
   46.250    83.750
   46.250   118.750
   46.250   131.250
   46.250   133.750
   46.250   136.250
   48.750  -126.250
   48.750  -123.750
   48.750  -121.250
   48.750  -118.750
   48.750  -116.250
   48.750  -113.750
   48.750  -111.250
   48.750  -108.750
   48.750  -106.250
   48.750  -103.750
   48.750  -101.250
   48.750   -98.750
   48.750   -96.250
   48.750   -93.750
   48.750   -91.250
   48.750   -88.750
   48.750   -86.250
   48.750   -83.750
   48.750   -81.250
   48.750   -78.750
   48.750   -76.250
   48.750   -73.750
   48.750   -71.250
   48.750   -68.750
   48.750   -66.250
   48.750   -63.750
   48.750    -3.750
   48.750    -1.250
   48.750     3.750
   48.750     6.250
   48.750     8.750
   48.750    11.250
   48.750    13.750
   48.750    16.250
   48.750    18.750
   48.750    21.250
   48.750    23.750
   48.750    33.750
   48.750    41.250
   48.750    43.750
   48.750    46.250
   48.750    48.750
   48.750    51.250
   48.750    53.750
   48.750    56.250
   48.750    58.750
   48.750    66.250
   48.750    68.750
   48.750    71.250
   48.750    73.750
   48.750    76.250
   48.750    78.750
   48.750    81.250
   48.750    83.750
   48.750   101.250
   48.750   111.250
   48.750   113.750
   48.750   116.250
   48.750   121.250
   48.750   123.750
   48.750   126.250
   48.750   131.250
   48.750   138.750
   48.750   141.250
   48.750   143.750
   51.250  -128.750
   51.250  -126.250
   51.250  -123.750
   51.250  -121.250
   51.250  -118.750
   51.250  -116.250
   51.250  -113.750
   51.250  -111.250
   51.250  -108.750
   51.250  -106.250
   51.250  -103.750
   51.250  -101.250
   51.250   -98.750
   51.250   -11.250
   51.250    -8.750
   51.250    -6.250
   51.250    -3.750
   51.250    -1.250
   51.250     1.250
   51.250     3.750
   51.250     6.250
   51.250     8.750
   51.250    11.250
   51.250    13.750
   51.250    16.250
   51.250    18.750
   51.250    21.250
   51.250    23.750
   51.250    36.250
   51.250    38.750
   51.250    41.250
   51.250    43.750
   51.250    46.250
   51.250    48.750
   51.250    51.250
   51.250    53.750
   51.250    56.250
   51.250    58.750
   51.250    61.250
   51.250    63.750
   51.250    66.250
   51.250    68.750
   51.250    71.250
   51.250    73.750
   51.250    76.250
   51.250    78.750
   51.250    81.250
   51.250   103.750
   51.250   106.250
   51.250   111.250
   51.250   113.750
   51.250   116.250
   51.250   121.250
   51.250   123.750
   51.250   126.250
   51.250   156.250
   51.250   158.750
   53.750  -133.750
   53.750  -131.250
   53.750  -128.750
   53.750  -126.250
   53.750  -123.750
   53.750  -121.250
   53.750  -116.250
   53.750  -113.750
   53.750  -111.250
   53.750  -108.750
   53.750  -106.250
   53.750  -103.750
   53.750  -101.250
   53.750   -98.750
   53.750    -8.750
   53.750    -6.250
   53.750    -3.750
   53.750    -1.250
   53.750     6.250
   53.750     8.750
   53.750    11.250
   53.750    13.750
   53.750    16.250
   53.750    18.750
   53.750    21.250
   53.750    23.750
   53.750    26.250
   53.750    33.750
   53.750    36.250
   53.750    38.750
   53.750    41.250
   53.750    43.750
   53.750    46.250
   53.750    48.750
   53.750    51.250
   53.750    53.750
   53.750    56.250
   53.750    58.750
   53.750    61.250
   53.750    63.750
   53.750    66.250
   53.750    71.250
   53.750    73.750
   53.750    76.250
   53.750    78.750
   53.750    81.250
   53.750    83.750
   53.750    86.250
   53.750    88.750
   53.750    91.250
   53.750    93.750
   53.750    96.250
   53.750    98.750
   53.750   101.250
   53.750   103.750
   53.750   106.250
   53.750   113.750
   53.750   116.250
   53.750   118.750
   53.750   121.250
   53.750   123.750
   53.750   156.250
   53.750   158.750
   56.250  -156.250
   56.250  -153.750
   56.250  -136.250
   56.250  -133.750
   56.250  -131.250
   56.250  -128.750
   56.250  -121.250
   56.250  -118.750
   56.250  -116.250
   56.250  -113.750
   56.250    -6.250
   56.250    -3.750
   56.250     8.750
   56.250    11.250
   56.250    13.750
   56.250    16.250
   56.250    18.750
   56.250    21.250
   56.250    23.750
   56.250    26.250
   56.250    28.750
   56.250    31.250
   56.250    33.750
   56.250    36.250
   56.250    38.750
   56.250    41.250
   56.250    43.750
   56.250    46.250
   56.250    48.750
   56.250    51.250
   56.250    53.750
   56.250    56.250
   56.250    58.750
   56.250    61.250
   56.250    63.750
   56.250    66.250
   56.250    68.750
   56.250    71.250
   56.250    78.750
   56.250    81.250
   56.250    83.750
   56.250    86.250
   56.250    88.750
   56.250    91.250
   56.250    93.750
   56.250    96.250
   56.250    98.750
   56.250   101.250
   56.250   103.750
   56.250   106.250
   56.250   108.750
   56.250   111.250
   58.750  -161.250
   58.750  -158.750
   58.750  -156.250
   58.750  -151.250
   58.750  -136.250
   58.750  -133.750
   58.750  -131.250
   58.750  -121.250
   58.750  -118.750
   58.750  -116.250
   58.750  -113.750
   58.750    -6.250
   58.750    -3.750
   58.750     6.250
   58.750     8.750
   58.750    11.250
   58.750    13.750
   58.750    16.250
   58.750    18.750
   58.750    23.750
   58.750    26.250
   58.750    28.750
   58.750    31.250
   58.750    33.750
   58.750    36.250
   58.750    38.750
   58.750    41.250
   58.750    43.750
   58.750    46.250
   58.750    48.750
   58.750    51.250
   58.750    53.750
   58.750    56.250
   58.750    63.750
   58.750    66.250
   58.750    68.750
   58.750    71.250
   58.750    73.750
   58.750    76.250
   58.750    88.750
   58.750    91.250
   58.750    93.750
   58.750    96.250
   58.750    98.750
   58.750   106.250
   58.750   108.750
   58.750   126.250
   58.750   128.750
   58.750   131.250
   61.250  -166.250
   61.250  -163.750
   61.250  -161.250
   61.250  -148.750
   61.250  -146.250
   61.250  -143.750
   61.250  -141.250
   61.250  -138.750
   61.250  -121.250
   61.250  -118.750
   61.250  -116.250
   61.250  -113.750
   61.250   -48.750
   61.250     3.750
   61.250     6.250
   61.250     8.750
   61.250    11.250
   61.250    13.750
   61.250    16.250
   61.250    21.250
   61.250    23.750
   61.250    26.250
   61.250    28.750
   61.250    31.250
   61.250    33.750
   61.250    38.750
   61.250    41.250
   61.250    43.750
   61.250    46.250
   61.250    48.750
   61.250    51.250
   61.250    53.750
   61.250    68.750
   61.250    71.250
   61.250    76.250
   61.250    91.250
   61.250   116.250
   61.250   118.750
   61.250   121.250
   61.250   123.750
   61.250   131.250
   61.250   133.750
   63.750  -166.250
   63.750  -163.750
   63.750  -161.250
   63.750  -153.750
   63.750  -151.250
   63.750  -128.750
   63.750  -126.250
   63.750   -21.250
   63.750   -18.750
   63.750   -16.250
   63.750     8.750
   63.750    11.250
   63.750    13.750
   63.750    16.250
   63.750    18.750
   63.750    21.250
   63.750    23.750
   63.750    26.250
   63.750    31.250
   63.750    33.750
   63.750    38.750
   63.750    41.250
   63.750    46.250
   63.750    58.750
   63.750    61.250
   63.750    63.750
   63.750    66.250
   63.750    68.750
   63.750    91.250
   63.750   116.250
   63.750   118.750
   63.750   121.250
   63.750   123.750
   66.250  -151.250
   66.250  -148.750
   66.250  -131.250
   66.250  -128.750
   66.250  -126.250
   66.250  -123.750
   66.250   -23.750
   66.250   -21.250
   66.250    11.250
   66.250    13.750
   66.250    16.250
   66.250    18.750
   66.250    21.250
   66.250    23.750
   66.250    26.250
   66.250    28.750
   66.250    31.250
   66.250    33.750
   66.250    36.250
   66.250    38.750
   66.250    41.250
   66.250    58.750
   66.250    61.250
   66.250    63.750
   66.250    66.250
   66.250    68.750
   66.250    71.250
   68.750  -163.750
   68.750  -161.250
   68.750  -158.750
   68.750  -156.250
   68.750  -153.750
   68.750  -151.250
   68.750    16.250
   68.750    18.750
   68.750    21.250
   68.750    23.750
   68.750    26.250
   68.750    28.750
   68.750    31.250
   68.750    33.750
   68.750    36.250
   71.250  -158.750
   71.250  -156.250
   71.250  -153.750
   71.250  -151.250
