# Independence, CA: 38.6919  119.7803
# Annual Maximum Series 24 Hour Duration, Inches
1925 0.30
1926 2.51
1927 0.54
1928 0.71
1929 0.25
1930 1.46
1931 1.39
1932 0.53
1933 0.70
1934 0.65
1935 1.35
1936 1.99
1937 1.55
1938 1.32
1939 0.95
1940 0.73
1941 0.90
1942 0.53
1943 1.88
1944 0.47
1945 3.60
1946 0.13
1949 0.65
1950 1.37
1951 1.73
1952 0.88
1953 0.57
1954 1.59
1955 2.70
1956 1.41
1957 0.83
1958 0.66
1959 0.69
1960 1.04
1961 0.35
1962 1.98
1963 2.21
1964 0.94
1965 0.78
1966 5.72
1967 0.66
1968 0.29
1969 3.65
1970 1.31
1971 0.98
1972 0.51
1973 0.99
1974 0.85
1975 0.49
1976 1.35
1977 0.67
1978 1.24
1979 0.57
1980 0.80
1981 0.87
1982 1.58
1983 1.17
1984 0.91
1985 0.93
1986 1.57
1987 0.28
1988 0.90
1989 0.22
1990 0.29
1991 2.57
1992 1.05
1993 0.88
1994 0.35
1995 1.91
1996 2.06
1998 1.24
1999 0.51
2000 0.48