# Independence, CA: 38.6919  119.7803
# Annual Maximum Series 6 Hour Duration, Inches
1949 0.60
1950 0.91
1951 0.97
1952 0.85
1953 0.47
1954 0.84
1955 1.73
1956 1.14
1957 0.78
1958 0.62
1959 0.69
1960 0.90
1961 0.27
1962 0.91
1963 1.19
1964 0.61
1965 0.45
1966 1.24
1967 0.80
1968 0.20
1969 2.17
1970 0.56
1971 0.60
1972 0.61
1973 1.17
1974 0.49
1975 0.23
1976 0.70
1977 0.90
1978 1.20
1979 0.30
1980 0.50
1981 0.70
1982 0.90
1983 0.70
1984 0.40
1985 0.80
1986 1.10
1987 0.20
1988 1.20
1989 0.30
1990 0.10
1991 1.60
1992 0.90
1993 0.60
1994 0.30
1995 1.30
1996 1.30
1997 0.90
1998 0.90
1999 0.30
2000 0.40